     0/199     2.15G   0.08873   0.03634   0.02163    0.1467         8       640  0.004527    0.3889  0.004008 0.0005534   0.07512   0.02319   0.01663
     1/199     3.24G   0.07763   0.03469   0.02034    0.1326        10       640  0.004293    0.3889   0.00385 0.0005985     0.071   0.02063   0.01684
     2/199     3.24G   0.09122   0.03216   0.02382    0.1472         6       640   0.00351    0.3889  0.003735 0.0006882   0.06579   0.01942   0.01691
     3/199     3.24G   0.08057    0.0311   0.02046    0.1321         7       640  0.007279       0.5  0.008356  0.001063   0.06112   0.01788   0.01694
     4/199     3.24G   0.08644   0.03026    0.0249    0.1416         8       640  0.005243   0.05556  0.004435  0.000752   0.05824   0.01762   0.01731
     5/199     3.24G   0.09931   0.03188   0.02603    0.1572        10       640 0.0009284    0.2222 0.0004482 5.501e-05   0.05672   0.01764    0.0181
     6/199     3.24G   0.07204   0.03062   0.02182    0.1245         9       640 0.0005635   0.05556 9.256e-05 1.851e-05   0.05368   0.01717   0.01878
     7/199     3.24G   0.06883   0.02808    0.0216    0.1185         8       640   0.03134   0.05556  0.005371 0.0005514   0.05089   0.01669   0.01931
     8/199     3.24G   0.07308   0.02646   0.02141     0.121         7       640  0.001081    0.2778 0.0003832  8.85e-05   0.04802   0.01621   0.01954
     9/199     3.24G   0.07373   0.02661   0.02524    0.1256         5       640  0.005097   0.05556  0.003907 0.0007447   0.04739   0.01584   0.01879
    10/199     3.24G   0.06764   0.02813   0.02313    0.1189         9       640   0.01449    0.3333   0.01498  0.001911   0.04863   0.01506   0.01877
    11/199     3.24G   0.06784   0.02697   0.02142    0.1162         7       640    0.6667    0.1111   0.06657    0.0101    0.0477   0.01481   0.01894
    12/199     3.24G   0.06318   0.02841   0.02052    0.1121        10       640   0.01238    0.1111  0.006852  0.001704   0.04473   0.01418   0.01891
    13/199     3.24G   0.06005   0.02964   0.02142    0.1111         9       640  0.007212    0.6111  0.006957  0.001359   0.04489   0.01351   0.01879
    14/199     3.24G    0.0643   0.03176   0.02065    0.1167        13       640    0.0121    0.4444  0.008606  0.001338   0.04176   0.01303   0.01785
    15/199     3.24G    0.0699   0.03119   0.02141    0.1225        10       640   0.02989    0.3333   0.02307  0.004639   0.04315   0.01278   0.01764
    16/199     3.24G   0.06727   0.02546   0.02157    0.1143         4       640   0.06265   0.05556   0.02487  0.007719   0.03787   0.01281    0.0181
    17/199     3.24G   0.05419   0.02814   0.01833    0.1007        10       640   0.03769    0.3889   0.02963  0.005276   0.03652   0.01262   0.01752
    18/199     3.24G   0.05959   0.02997   0.02188    0.1114         9       640   0.03124    0.3333   0.02315  0.005912    0.0421   0.01229    0.0166
    19/199     3.24G   0.05729   0.02528   0.01964    0.1022         5       640    0.7169    0.1111   0.09721    0.0252   0.03718   0.01204   0.01799
    20/199     3.24G   0.05649   0.02659   0.01897    0.1021         5       640    0.1168   0.05556   0.02258    0.0128   0.03915   0.01192   0.01655
    21/199     3.24G   0.04787   0.02489   0.01722   0.08999         9       640    0.9627   0.05556   0.07384   0.01384   0.04573   0.01129   0.01584
    22/199     3.24G   0.06246   0.02664   0.02367    0.1128         6       640    0.7103    0.1667    0.1328   0.03153   0.03644   0.01165   0.01508
    23/199     3.24G   0.05456   0.02641   0.01812   0.09909        10       640    0.7404    0.1667    0.1467   0.03901    0.0387    0.0118    0.0156
    24/199     3.24G   0.05119   0.02673   0.01979   0.09771         4       640    0.7823     0.217    0.2121    0.0582   0.03371    0.0115   0.01435
    25/199     3.24G   0.04781   0.02505   0.01752   0.09038         5       640    0.8175    0.1111    0.1461   0.03284   0.03269    0.0112   0.01359
    26/199     3.24G   0.04251   0.02993   0.01672   0.08916         9       640    0.2101    0.2778    0.1541   0.04758   0.03454   0.01114   0.01341
    27/199     3.24G   0.04881   0.02966   0.02063    0.0991         9       640    0.6622    0.1111    0.1125   0.02744   0.03419   0.01085   0.01272
    28/199     3.24G   0.04072   0.02291   0.01375   0.07739         6       640         1    0.1111    0.1552   0.03481   0.02943   0.01148   0.01227
    29/199     3.24G   0.04483   0.02211   0.01497   0.08191         5       640    0.7803    0.1667    0.1509   0.04459   0.03007   0.01171   0.01328
    30/199     3.24G   0.04636   0.02796   0.01688   0.09121         9       640    0.6233    0.2222    0.1576   0.07441   0.02909   0.01139   0.01339
    31/199     3.24G   0.03852   0.02674    0.0147   0.07996        10       640    0.7911    0.1667    0.2063   0.09167   0.02955   0.01108   0.01299
    32/199     3.24G   0.04594   0.02521    0.0188   0.08995         5       640     0.666    0.1111    0.1106   0.02856   0.03253   0.01046    0.0117
    33/199     3.24G    0.0445   0.02592   0.01864   0.08905        11       640    0.6971    0.3333    0.1958   0.05192   0.03823   0.01028   0.01418
    34/199     3.24G   0.03534   0.02716   0.01264   0.07514         8       640    0.6617    0.4444    0.3226    0.1137     0.036   0.01023   0.01137
    35/199     3.24G   0.04574   0.02733   0.01272    0.0858         8       640    0.9982    0.1667     0.322    0.1081   0.04069   0.01025  0.009993
    36/199     3.24G   0.04993   0.02584    0.0131   0.08887         4       640    0.8328    0.3333    0.3627    0.1746   0.03635   0.01022  0.009716
    37/199     3.24G   0.03891   0.02566   0.01273    0.0773         8       640    0.8698    0.3333    0.3797   0.08359   0.03205  0.009849  0.008892
    38/199     3.24G   0.03824   0.02677   0.01599     0.081        11       640    0.1574    0.3889    0.1576   0.04637   0.03465   0.00974  0.007919
    39/199     3.24G   0.04749   0.02567    0.0138   0.08695        13       640    0.3391       0.5    0.3775   0.07847    0.0329  0.009972  0.008356
    40/199     3.24G    0.0415   0.02671   0.01142   0.07963        13       640    0.2312    0.5524    0.3334    0.1272   0.03246   0.01021  0.009427
    41/199     3.24G   0.04819   0.02484   0.01366    0.0867        10       640     0.382    0.5348    0.4401    0.1934   0.02861    0.0101  0.009625
    42/199     3.24G   0.03728   0.02304    0.0102   0.07052         9       640    0.3854    0.5556    0.3716   0.09601   0.03183  0.009529  0.006227
    43/199     3.24G   0.04272   0.02171   0.01337    0.0778         3       640    0.6591     0.555    0.5045    0.1846   0.02886   0.00948  0.005311
    44/199     3.24G   0.04132   0.02362   0.01182   0.07676         9       640    0.5415    0.7054    0.6459    0.1916   0.02411  0.009767  0.005236
    45/199     3.24G   0.04287   0.02329   0.01121   0.07736         9       640     0.524       0.5    0.4262    0.1293   0.03024  0.009568  0.008255
    46/199     3.24G   0.04371   0.02282   0.01426    0.0808         7       640     0.565    0.4912    0.4712    0.1067   0.02985  0.009538  0.006009
    47/199     3.24G   0.04089   0.02568   0.01038   0.07696        10       640    0.2538    0.4994    0.2557   0.08483   0.03193  0.009269  0.005041
    48/199     3.24G   0.04429     0.024   0.01358   0.08187        13       640     0.429       0.5    0.4678    0.2119   0.02355  0.009411  0.004474
    49/199     3.24G   0.03737   0.02317  0.009459      0.07         9       640    0.4009    0.5534     0.439     0.204    0.0273  0.009195  0.004408
    50/199     3.24G   0.03962   0.02032  0.009584   0.06953         6       640    0.6689       0.5    0.5902    0.2482   0.02762  0.008705  0.004434
    51/199     3.24G    0.0477   0.02379   0.01338   0.08487        12       640    0.5194    0.4444    0.4558    0.1897   0.02997  0.008588  0.003676
    52/199     3.24G   0.04162   0.02371   0.01264   0.07797        10       640    0.3497    0.4444    0.3334    0.1047   0.03277  0.008671   0.00476
    53/199     3.24G   0.04381    0.0195   0.01201   0.07532         6       640    0.4067    0.2778     0.304   0.09072    0.0382  0.009313  0.007602
    54/199     3.24G   0.03826   0.02112  0.008599   0.06798         7       640    0.3748    0.3327    0.3158    0.1344   0.03531  0.009255  0.007291
    55/199     3.24G    0.0442   0.02313   0.01035   0.07768        10       640    0.3983    0.4953    0.4224    0.1522   0.03055  0.008269  0.005182
    56/199     3.24G   0.04227    0.0208   0.01154   0.07461         7       640    0.3142    0.6667    0.4121    0.1083   0.03037   0.00828  0.004095
    57/199     3.24G   0.03689   0.02184  0.006866    0.0656         9       640    0.6324      0.61    0.5843    0.2262   0.03063  0.008366  0.003576
    58/199     3.24G   0.04627   0.02217   0.00982   0.07826        10       640    0.3749    0.7778     0.616     0.232   0.02791  0.007947  0.003066
    59/199     3.24G   0.04125   0.02112   0.01128   0.07365         8       640    0.6088    0.6667    0.6614    0.1894   0.02543  0.007856  0.003262
    60/199     3.24G   0.03537   0.02211  0.007309   0.06479         9       640    0.4823    0.7159    0.6453    0.1961   0.02667  0.008296     0.004
    61/199     3.24G   0.03714   0.02059  0.006547   0.06428         7       640    0.5466    0.8332    0.6862    0.3003   0.02104  0.007739  0.004657
    62/199     3.24G   0.04291   0.02277  0.005934   0.07161        10       640    0.5349    0.7173    0.6197      0.26   0.02158  0.007977  0.004095
    63/199     3.24G   0.04447   0.02102  0.006381   0.07186         8       640    0.3099    0.7222    0.4401    0.1775   0.02574  0.008181  0.003799
    64/199     3.24G   0.03836   0.02213  0.009591   0.07008        11       640    0.4255    0.7222    0.5522    0.2531   0.02372  0.008066  0.003749
    65/199     3.24G   0.03536   0.02105  0.005891   0.06231         9       640    0.9375    0.5431    0.6487    0.2652    0.0233  0.008155  0.003546
    66/199     3.24G   0.04095   0.01902  0.009685   0.06966         7       640     0.456    0.7222    0.5418    0.2614   0.02691  0.007546   0.00323
    67/199     3.24G   0.04674   0.02127  0.006926   0.07494        13       640    0.5562    0.7778    0.6053    0.2681   0.02547  0.007621  0.003634
    68/199     3.24G   0.03602   0.02108  0.004642   0.06174        10       640    0.5771    0.7772    0.6568    0.2605   0.02411  0.007438  0.003309
    69/199     3.24G   0.04216   0.02143  0.005774   0.06936         7       640    0.7713    0.5556    0.6553    0.3107   0.02184  0.007471  0.003782
    70/199     3.24G   0.03473   0.01824   0.01073    0.0637         4       640    0.8122    0.7773    0.7929    0.3393   0.02615  0.006702  0.003695
    71/199     3.24G   0.03939   0.01916  0.007785   0.06634         7       640    0.7452    0.6667    0.7244    0.1896   0.02586  0.007263  0.004238
    72/199     3.24G   0.04308   0.02058  0.003862   0.06752         8       640    0.8277     0.629    0.7668    0.2642   0.02563  0.007246  0.004146
    73/199     3.24G   0.03689   0.01905   0.01161   0.06755         6       640    0.6198    0.7222     0.721    0.3283   0.02353  0.007467  0.005894
    74/199     3.24G   0.03234   0.01886   0.01329   0.06449         6       640    0.5751    0.7778    0.6547    0.2425   0.02429  0.008106  0.008884
    75/199     3.24G   0.03449   0.02065  0.004016   0.05915        11       640    0.5943    0.8333    0.7629    0.3561   0.02025  0.007865  0.005886
    76/199     3.24G   0.03689   0.01789  0.006744   0.06152         6       640    0.6551    0.8333    0.7773    0.3219   0.02317  0.007701  0.005514
    77/199     3.24G   0.03654   0.01927   0.01098   0.06679        10       640    0.6582    0.7222    0.7116    0.3783     0.024  0.007585  0.006707
    78/199     3.24G   0.03431   0.01699   0.01043   0.06173         7       640    0.6824    0.5553    0.6347    0.2988   0.03089  0.007479  0.005798
    79/199     3.24G   0.03846   0.01843  0.009088   0.06597         7       640    0.6881    0.6516    0.7814     0.277   0.02918  0.007607  0.005479
    80/199     3.24G   0.03543   0.02036  0.006652   0.06244        12       640    0.6637    0.7778    0.8082    0.3184   0.02879  0.007786  0.007905
    81/199     3.24G   0.03082   0.01855  0.004536   0.05391         7       640    0.7343    0.7222    0.7375    0.3269   0.02604  0.007227  0.006164
    82/199     3.24G   0.05212   0.01946   0.01126   0.08283         9       640         1    0.6105    0.7292    0.3607   0.02708  0.007363  0.003707
    83/199     3.24G   0.03013    0.0204  0.003508   0.05403        11       640    0.7234    0.7222    0.7254    0.3638   0.02198   0.00779  0.003141
    84/199     3.24G   0.03127   0.01875  0.004225   0.05425        12       640    0.5444    0.7778    0.7162    0.3823    0.0241  0.007306  0.003376
    85/199     3.24G   0.04351    0.0185    0.0076   0.06961        11       640    0.7083    0.7222    0.7771    0.3613   0.03016  0.006494   0.00316
    86/199     3.24G   0.04075   0.01734  0.004196   0.06228        11       640    0.6825    0.6667    0.7126    0.3619   0.02758  0.007029  0.004219
    87/199     3.24G   0.04117   0.01674  0.008074   0.06598         7       640    0.5223    0.6667    0.5891     0.251   0.02637   0.00744  0.004304
    88/199     3.24G   0.03932   0.01922   0.01009   0.06862         9       640    0.8977       0.5    0.6378    0.3237   0.02479  0.007341  0.004274
    89/199     3.24G   0.04595   0.01702  0.007642   0.07061         6       640    0.5226    0.7222    0.6058    0.2511   0.02661  0.007395  0.004028
    90/199     3.24G    0.0386   0.01524  0.006499   0.06034         7       640    0.6531    0.8301    0.7029    0.3547   0.02235  0.007341  0.003843
    91/199     3.24G   0.04449   0.01906  0.006672   0.07021        10       640    0.6136    0.8812    0.7343    0.3614   0.02463  0.006563  0.003623
    92/199     3.24G   0.04158   0.02213  0.006708   0.07041        18       640    0.4926    0.8889    0.6466    0.2914   0.02236  0.007324  0.003191
    93/199     3.24G    0.0424   0.01943  0.007359   0.06919        11       640     0.654    0.6667    0.6319    0.2686   0.02852  0.007103   0.00381
    94/199     3.24G   0.03878   0.01757    0.0058   0.06216         9       640     0.504    0.6664    0.5247    0.2489   0.02616  0.007619  0.005538
    95/199     3.24G   0.04704   0.01895   0.01059   0.07659         6       640    0.4893    0.8309    0.5009    0.2193   0.02335  0.008042  0.006275
    96/199     3.24G   0.03556    0.0168  0.006633   0.05899         6       640    0.6288    0.6667     0.665    0.2247   0.02641  0.007485  0.004609
    97/199     3.24G   0.03561   0.01614  0.009388   0.06113         7       640    0.6037    0.8333    0.7132    0.3129   0.02641  0.006967  0.002748
    98/199     3.24G   0.04095   0.01774  0.009453   0.06815         8       640    0.6042    0.8333    0.6999    0.2898   0.02631   0.00705  0.002836
    99/199     3.24G   0.03825   0.01632  0.003975   0.05854         4       640     0.677    0.8333    0.7868    0.3513   0.02543  0.007393  0.003174
   100/199     3.24G   0.03782   0.01717  0.004809   0.05981         8       640     0.738    0.8886    0.8376    0.3923   0.02461  0.006946  0.003201
   101/199     3.24G   0.03318   0.01821  0.004746   0.05613         5       640    0.6798    0.6111    0.6666     0.351   0.02802  0.006733  0.003077
   102/199     3.24G   0.03989   0.01844   0.00501   0.06334         9       640    0.6972    0.8333    0.7546    0.3566   0.02884  0.006602  0.003043
   103/199     3.24G   0.03343   0.01607  0.004442   0.05394         8       640    0.6901    0.7768    0.6659    0.3212   0.02756  0.006318  0.003019
   104/199     3.24G   0.03805   0.01671  0.006323   0.06109         3       640     0.942    0.7024    0.7978    0.3673    0.0251  0.006236  0.002983
   105/199     3.24G   0.03475   0.01595  0.004034   0.05474         8       640    0.6875    0.7222    0.7786    0.2645   0.02468  0.006929   0.00377
   106/199     3.24G    0.0412   0.01833  0.005065   0.06459         9       640    0.6811    0.7222    0.7489    0.3661   0.02244  0.007184  0.003839
   107/199     3.24G    0.0333   0.01524  0.003082   0.05163         6       640    0.7344    0.7222    0.6707    0.2916   0.02605  0.006825  0.002831
   108/199     3.24G   0.03578   0.01616  0.003516   0.05546         9       640    0.5999    0.7754    0.7068    0.3122   0.02362   0.00703  0.003077
   109/199     3.24G   0.03817   0.01695  0.007758   0.06287         7       640     0.789    0.6111    0.6555    0.3142   0.02762  0.007258  0.003335
   110/199     3.24G   0.03386   0.02116  0.007419   0.06244        12       640    0.6001    0.7222    0.6564    0.2727   0.02932  0.007625  0.004039
   111/199     3.24G     0.037   0.01692  0.006313   0.06023         9       640    0.6578    0.4444    0.5367    0.2232   0.02473  0.008427  0.005493
   112/199     3.24G   0.02493   0.01816  0.002111    0.0452        10       640    0.8638       0.5    0.5858    0.2016   0.02653  0.008039  0.004774
   113/199     3.24G    0.0337   0.01714  0.005449   0.05629         4       640    0.6793    0.6667    0.6774    0.3036   0.02735  0.007774  0.003945
   114/199     3.24G   0.03301   0.01782   0.00334   0.05417         9       640    0.7014    0.7213    0.7549    0.3495   0.02531  0.007067  0.003174
   115/199     3.24G   0.03289   0.01632  0.006632   0.05584         5       640     0.912    0.8333    0.8464    0.3998   0.02473  0.006327  0.003478
   116/199     3.24G   0.03114   0.01781  0.003182   0.05214         6       640    0.9814    0.7778    0.8461    0.4196   0.02418  0.006387  0.003304
   117/199     3.24G   0.02855   0.01624  0.007521   0.05232         4       640    0.6442     0.833    0.7075    0.2792   0.02603  0.006636  0.003132
   118/199     3.24G   0.03784    0.0181  0.005306   0.06125         9       640    0.7683    0.8333     0.745    0.3705   0.02486  0.006511  0.002838
   119/199     3.24G   0.03163   0.02002  0.003442   0.05509        10       640     0.797    0.7778    0.7826    0.3841   0.02512  0.006582   0.00288
   120/199     3.24G   0.03675   0.01654  0.008626   0.06191         9       640    0.8314    0.8889    0.8608    0.3964   0.02335   0.00595  0.003021
   121/199     3.24G   0.03973   0.01639  0.008615   0.06474         6       640    0.8633    0.7778    0.8197    0.3773   0.02373  0.005826  0.003114
   122/199     3.24G   0.03174   0.01751  0.003682   0.05293        11       640    0.8633    0.7777    0.7799    0.3495   0.02437  0.005888  0.003023
   123/199     3.24G   0.03684   0.01686  0.006181   0.05988         7       640    0.8496    0.8324    0.8289    0.3922   0.02321  0.005883  0.002977
   124/199     3.24G   0.02883   0.01624  0.003763   0.04884         7       640    0.8332    0.8333    0.8328    0.4288    0.0231  0.005884  0.003082
   125/199     3.24G   0.03197   0.01595  0.004398   0.05232         8       640    0.9018    0.7778    0.8162    0.4185   0.02362  0.005822   0.00327
   126/199     3.24G   0.03951   0.01741  0.004833   0.06175        11       640    0.9145    0.7778    0.8125    0.4874   0.02441  0.005916  0.003535
   127/199     3.24G   0.03391   0.01572   0.00247    0.0521         8       640    0.8509    0.7222    0.7843    0.3946   0.02373  0.006167  0.003887
   128/199     3.24G   0.04105   0.01987  0.003481   0.06441        10       640    0.7101    0.7758    0.7293    0.3849   0.02274  0.006704  0.003581
   129/199     3.24G   0.04061   0.01771   0.00617   0.06449        12       640    0.7988    0.7777    0.7627    0.3602   0.03071  0.006099  0.003606
   130/199     3.24G   0.02934   0.01669  0.005425   0.05145         9       640    0.8026    0.7769    0.7502    0.4264   0.02077  0.005701  0.003531
   131/199     3.24G   0.03718   0.01964  0.003366   0.06019        11       640    0.8264    0.8889    0.8413    0.4374    0.0204  0.005717  0.004146
   132/199     3.24G   0.04427   0.01759  0.003905   0.06577        12       640    0.8137     0.888     0.854    0.4076   0.02121  0.006054  0.005059
   133/199     3.24G   0.02933   0.01608  0.003212   0.04861         8       640    0.8246    0.7777    0.7979    0.3519   0.02425   0.00609  0.005834
   134/199     3.24G   0.02687   0.01625  0.002137   0.04526         8       640    0.7995     0.717     0.744    0.3716   0.02139  0.006476  0.006173
   135/199     3.24G   0.03504     0.016  0.004143   0.05519         8       640    0.7287    0.7653    0.7385    0.4041   0.02325  0.006772  0.005892
   136/199     3.24G   0.03173   0.01752  0.002801   0.05205         8       640    0.7624    0.7778    0.7517    0.3984   0.02482  0.006742  0.005568
   137/199     3.24G   0.02842   0.01548  0.005725   0.04962         7       640     0.868    0.6667    0.7162    0.4119   0.02506  0.007043  0.007772
   138/199     3.24G   0.03822    0.0175  0.005202   0.06093         8       640     0.841    0.6667    0.7009    0.4068   0.03118  0.006941  0.008085
   139/199     3.24G   0.03076    0.0156  0.002164   0.04852         4       640    0.7392    0.6667    0.7268    0.3903   0.02698   0.00657  0.008173
   140/199     3.24G   0.02889    0.0165  0.002707    0.0481         9       640    0.5742    0.6667    0.6151    0.2534   0.03087  0.006667  0.005692
   141/199     3.24G   0.03221   0.01795  0.004552   0.05472        13       640    0.7023    0.7778    0.7111    0.3627   0.02675  0.006304  0.005259
   142/199     3.24G   0.03438   0.01693  0.004302   0.05562         9       640    0.7808    0.7776    0.7935    0.4675   0.02531  0.005916  0.004234
   143/199     3.24G   0.02734    0.0154  0.002792   0.04553         9       640    0.8299    0.7768    0.8522    0.5109   0.02484  0.005676  0.003897
   144/199     3.24G   0.02821   0.01632  0.003628   0.04816         8       640     0.801    0.7778    0.8127    0.4219   0.03027  0.005853  0.003637
   145/199     3.24G    0.0343   0.01703  0.003746   0.05508        10       640    0.7568    0.8889    0.8006    0.5014   0.02449  0.005883  0.003056
   146/199     3.24G   0.03415   0.01673  0.003896   0.05478        10       640    0.7141    0.8328    0.7111    0.3001   0.03369  0.006001  0.002869
   147/199     3.24G   0.03475    0.0156  0.004765   0.05512         6       640     0.724    0.8333    0.7578     0.359    0.0243  0.006189  0.002909
   148/199     3.24G   0.03227   0.01567    0.0115   0.05944         5       640    0.7067    0.8889    0.7781    0.4096   0.03103  0.006239  0.003083
   149/199     3.24G   0.02562   0.01609  0.005525   0.04724         9       640    0.7339    0.8888    0.7826    0.4548   0.02442  0.006159  0.003334
   150/199     3.24G   0.02692   0.01501  0.002327   0.04425         8       640    0.7838    0.8889    0.8353    0.4351   0.02607  0.006044  0.003478
   151/199     3.24G   0.02553   0.01335  0.003595   0.04247         4       640    0.7872    0.8886    0.8134    0.4468   0.02449  0.006113  0.003455
   152/199     3.24G   0.02858   0.01751  0.003584   0.04968        10       640    0.7709    0.8889    0.7962    0.4147   0.02549   0.00634  0.003351
   153/199     3.24G   0.03265   0.01573  0.004398   0.05278         7       640    0.7833    0.8874    0.8205    0.4727   0.02538  0.006367  0.003259
   154/199     3.24G   0.02593   0.01583   0.00257   0.04432         7       640    0.7392     0.833    0.7771    0.4273   0.02401  0.006673  0.003157
   155/199     3.24G   0.02423   0.01361  0.003572   0.04142         5       640    0.7584    0.8322    0.7944      0.43   0.02556  0.006698  0.003102
   156/199     3.24G   0.03504   0.01816   0.01321   0.06641        11       640    0.7443    0.7768     0.771    0.3411   0.02652  0.007159   0.00288
   157/199     3.24G   0.02878    0.0154  0.002176   0.04636         6       640      0.82    0.7778    0.7921    0.3941   0.02274  0.006977  0.002889
   158/199     3.24G   0.03415   0.01503  0.003274   0.05245         9       640    0.7217    0.7778     0.698    0.3954   0.02945  0.007073  0.003319
   159/199     3.24G    0.0334   0.02001  0.004417   0.05783        12       640    0.7568    0.8331    0.7469    0.3948   0.02887  0.007241  0.003739
   160/199     3.24G   0.03217    0.0161  0.005814   0.05408         8       640    0.6785    0.7778    0.6938     0.331     0.035  0.007656  0.003952
   161/199     3.24G   0.03534   0.01578  0.004291   0.05541         5       640    0.6933    0.8331    0.7439    0.3785   0.03521  0.007628  0.004166
   162/199     3.24G    0.0271   0.01766  0.004888   0.04964        13       640    0.8108    0.6111    0.6816    0.3346   0.03639  0.007503   0.00414
   163/199     3.24G   0.02615   0.01632  0.005604   0.04808         6       640    0.6389    0.8332    0.7349    0.3817   0.02983  0.007307  0.004235
   164/199     3.24G   0.03627   0.01703   0.00506   0.05836         9       640    0.9794    0.6108    0.7135    0.3544   0.02725  0.007052  0.003306
   165/199     3.24G   0.03241   0.01627  0.005442   0.05413         6       640    0.8905    0.7222    0.7633    0.4088   0.02524  0.007302   0.00335
   166/199     3.24G     0.024   0.01498  0.002582   0.04156         6       640    0.8278    0.6661    0.6939    0.3031   0.02599  0.007502  0.003331
   167/199     3.24G   0.03466   0.01695   0.01554   0.06716         7       640    0.9695    0.6665    0.7111    0.3807   0.02308  0.007468  0.003478
   168/199     3.24G   0.02286   0.01579  0.002997   0.04165         6       640    0.9505    0.6664    0.7537     0.311   0.02663  0.007318  0.003847
   169/199     3.24G   0.02741   0.01478  0.004879   0.04707         6       640    0.9778    0.7222    0.7961    0.4027    0.0196  0.007057  0.003854
   170/199     3.24G   0.02589   0.01562  0.005535   0.04705         7       640    0.8211    0.7222    0.7721    0.4285   0.02073  0.006683  0.003739
   171/199     3.24G   0.02703   0.01443   0.00386   0.04532         7       640     0.815    0.8888    0.8485    0.4722   0.02064  0.006508  0.003594
   172/199     3.24G   0.02618   0.01373  0.003978   0.04389         4       640    0.8086    0.8316    0.8341    0.3914   0.02289  0.006642  0.003682
   173/199     3.24G   0.03202   0.01395  0.004227    0.0502         6       640    0.8403    0.8321    0.8465    0.4774   0.02188  0.006979  0.003532
   174/199     3.24G   0.02689   0.01408  0.003027     0.044         5       640    0.7565    0.8889    0.7966    0.4223   0.02327  0.007211  0.003542
   175/199     3.24G   0.02491   0.01477  0.003506   0.04319         9       640    0.7168    0.8333    0.7656    0.4429    0.0231  0.007144  0.003659
   176/199     3.24G   0.02693    0.0151  0.007942   0.04997         7       640    0.7409    0.8309    0.7709    0.4358    0.0228  0.007124   0.00323
   177/199     3.24G   0.02231   0.01544  0.003281   0.04103         8       640    0.7229    0.7778    0.7675    0.4522   0.02253  0.007098  0.002971
   178/199     3.24G   0.02566   0.01588  0.005453     0.047        10       640    0.7181    0.8887    0.7999    0.4273   0.02115   0.00712  0.002844
   179/199     3.24G   0.02467   0.01587  0.002146   0.04269         9       640    0.6899    0.8889    0.7942    0.4587   0.02083  0.006992  0.002787
   180/199     3.24G   0.03275   0.01708  0.003594   0.05343         9       640       0.7    0.8333    0.7748    0.3758   0.02074  0.007298  0.002811
   181/199     3.24G   0.03079   0.01637  0.004392   0.05155         9       640    0.7666    0.7773    0.7795    0.4252   0.02014  0.007218  0.002948
   182/199     3.24G   0.03271   0.01669   0.00618   0.05558        11       640    0.6892    0.8332    0.7135     0.404   0.01928  0.007168  0.002994
   183/199     3.24G   0.02433   0.01498  0.008426   0.04774         7       640    0.6819    0.8333    0.7468    0.3957   0.01993  0.007094  0.002986
   184/199     3.24G   0.02305   0.01473  0.002643   0.04043         8       640    0.7423    0.8333     0.755    0.3586   0.02255   0.00713  0.003027
   185/199     3.24G   0.03105   0.01731  0.003331   0.05169        12       640    0.7626    0.8333    0.7826    0.4004   0.02237  0.007116  0.003054
   186/199     3.24G   0.02315   0.01366  0.002668   0.03948         7       640     0.818    0.8886     0.796    0.4153    0.0211  0.006607   0.00313
   187/199     3.24G   0.03157   0.01579  0.005887   0.05324        10       640    0.8212    0.8889    0.8166      0.45   0.02065  0.006331  0.003146
   188/199     3.24G   0.02966   0.01572   0.00679   0.05217         6       640    0.9037    0.7778    0.8447     0.506   0.02005   0.00584  0.003139
   189/199     3.24G   0.02445   0.01492  0.006563   0.04593         7       640    0.8349    0.8333    0.8736    0.5089   0.01847  0.005481   0.00353
   190/199     3.24G   0.02096   0.01472  0.004673   0.04035         4       640    0.7536    0.8333    0.8189    0.4786    0.0202  0.006056  0.003902
   191/199     3.24G   0.02952   0.01475  0.005151   0.04942        10       640    0.9224    0.6667    0.8121    0.5269   0.01928  0.006241  0.004055
   192/199     3.24G   0.02628   0.01501  0.004751   0.04604        10       640    0.6724    0.8333    0.7947     0.478   0.01918  0.006576  0.004291
   193/199     3.24G   0.02925   0.01447  0.002506   0.04622         6       640    0.7606    0.7778    0.8177    0.5108   0.01969  0.006297  0.004442
   194/199     3.24G   0.02597    0.0168   0.00339   0.04616         8       640    0.8102    0.8887    0.8412    0.5022   0.01806  0.006254  0.004426
   195/199     3.24G   0.02602   0.01488   0.01294   0.05383         7       640    0.8341    0.8333    0.8283     0.479   0.01768  0.006114   0.00437
   196/199     3.24G   0.02792   0.01549  0.003294   0.04671         7       640    0.8558    0.7778    0.8346    0.4012   0.01731  0.006325  0.004366
   197/199     3.24G   0.02512   0.01475  0.005254   0.04512         7       640     0.811    0.8333    0.8246    0.4606   0.01767  0.006009  0.004505
   198/199     3.24G   0.02412     0.015  0.004905   0.04403        10       640    0.7747    0.7778    0.7876    0.4412   0.01776  0.005714  0.004577
   199/199     3.24G   0.03101   0.01802   0.00628   0.05531         9       640    0.7692    0.9444    0.8348    0.4883   0.01977  0.005607  0.003867
