     0/499     2.15G    0.1214   0.03611    0.0274    0.1849        27       640  0.003811    0.1048  0.001983 0.0007398   0.07124   0.02633    0.0185
     1/499      3.2G    0.1184   0.03455   0.02805     0.181        25       640  0.004653    0.1405   0.00236 0.0007367   0.06905   0.02416   0.01855
     2/499      3.2G    0.1136   0.03425    0.0286    0.1764        25       640  0.003755    0.1738  0.002926  0.001504   0.06614    0.0225   0.01857
     3/499      3.2G    0.1075   0.03158   0.02758    0.1667        30       640    0.5209   0.03333  0.003287 0.0004404   0.06297   0.02141    0.0186
     4/499      3.2G   0.09616   0.02915   0.02527    0.1506        24       640   0.01558   0.03333   0.01834  0.002993   0.05993   0.02081    0.0186
     5/499      3.2G    0.1003   0.02836   0.02678    0.1555        30       640   0.04591    0.1024   0.01029  0.001772   0.05855   0.02068   0.01852
     6/499      3.2G   0.08776   0.03014   0.02582    0.1437        33       640   0.03653   0.06905   0.01662  0.002408   0.05667   0.02073   0.01811
     7/499      3.2G   0.09322   0.02793    0.0279     0.149        24       640   0.08097   0.06905    0.0198  0.002958   0.05459   0.02067   0.01777
     8/499      3.2G   0.08231   0.02652   0.02539    0.1342        22       640   0.04405   0.03571   0.01083  0.002854   0.05433   0.02002   0.01796
     9/499      3.2G    0.0884   0.02821   0.02396    0.1406        39       640   0.01604    0.1381  0.008859  0.001679   0.05381   0.01962   0.01858
    10/499      3.2G   0.08105   0.02805   0.02438    0.1335        35       640   0.01876    0.1738  0.009837  0.001498   0.05335   0.01928   0.01865
    11/499      3.2G   0.07321   0.02681   0.02294     0.123        29       640   0.01807    0.1024   0.01023  0.002254   0.05327   0.01841   0.01815
    12/499      3.2G   0.07884   0.02835   0.02502    0.1322        29       640   0.03657    0.1048   0.01882  0.004101   0.05223   0.01778   0.01792
    13/499      3.2G   0.07708    0.0244   0.02357     0.125        19       640   0.06617   0.07086   0.02411  0.005409   0.05052   0.01748   0.01844
    14/499      3.2G   0.08125    0.0266   0.02472    0.1326        32       640    0.1062   0.03571   0.02342  0.004715   0.04892   0.01748   0.01877
    15/499      3.2G   0.07681   0.02842   0.02266    0.1279        33       640   0.02223   0.06667   0.01512  0.002788   0.04955   0.01679   0.01903
    16/499      3.2G    0.0684    0.0274    0.0209    0.1167        35       640  0.009028   0.03333  0.004983  0.001001   0.05014   0.01652   0.01899
    17/499      3.2G   0.07607   0.02999   0.02762    0.1337        34       640    0.8964   0.03333   0.04338  0.005699   0.04901   0.01641    0.0187
    18/499      3.2G   0.07017   0.02505   0.02053    0.1157        26       640   0.04764    0.1667   0.06958   0.01788   0.04706   0.01626   0.01834
    19/499      3.2G   0.07486   0.02974   0.02308    0.1277        32       640    0.1356    0.2357   0.07852    0.0196   0.04495    0.0164   0.01747
    20/499      3.2G   0.07351   0.02738   0.02153    0.1224        28       640    0.6304    0.1999     0.124   0.02121   0.04178    0.0168   0.01688
    21/499      3.2G   0.06695   0.02864   0.01911    0.1147        39       640     0.613    0.1333   0.08629    0.0231   0.04366   0.01632   0.01635
    22/499      3.2G   0.07671   0.02799   0.02156    0.1263        31       640   0.07218    0.2532   0.07629   0.01431   0.04237   0.01635   0.01622
    23/499      3.2G   0.07136   0.02384     0.023    0.1182        23       640    0.3203    0.2357    0.1623   0.02926   0.04231   0.01625    0.0165
    24/499      3.2G   0.07009    0.0285   0.02306    0.1216        27       640    0.7792    0.1273    0.1908   0.03312   0.03984   0.01645   0.01558
    25/499      3.2G   0.05792    0.0253    0.0219    0.1051        30       640    0.2375    0.1667    0.1853   0.05956   0.04159   0.01587   0.01496
    26/499      3.2G   0.07242    0.0271   0.02284    0.1224        25       640    0.2069    0.1667    0.1576   0.05334   0.04094   0.01597    0.0149
    27/499      3.2G   0.06605    0.0269   0.01916    0.1121        27       640    0.1111    0.3714    0.1411   0.04747    0.0408   0.01597   0.01453
    28/499      3.2G   0.06742   0.03017   0.01954    0.1171        30       640    0.6509    0.1299    0.1382   0.05222    0.0421   0.01549    0.0145
    29/499      3.2G   0.06597   0.02981   0.01859    0.1144        32       640    0.6642    0.1667    0.1696   0.05018   0.04072   0.01558   0.01404
    30/499      3.2G   0.06526   0.02655   0.01832    0.1101        28       640    0.5929       0.2    0.1288   0.04525   0.03754   0.01583   0.01471
    31/499      3.2G   0.05761   0.02603   0.01793    0.1016        33       640    0.6238       0.2    0.1441   0.03968   0.03662     0.016   0.01296
    32/499      3.2G   0.06608   0.02656   0.01998    0.1126        28       640    0.1099    0.4405    0.1018    0.0234   0.03736   0.01549   0.01167
    33/499      3.2G   0.06255   0.02812   0.01533     0.106        33       640    0.6978       0.2     0.185   0.04288   0.03728   0.01536    0.0108
    34/499      3.2G   0.05749   0.02555   0.01666    0.0997        33       640    0.3166    0.3714     0.217   0.05301   0.03687   0.01528  0.009872
    35/499      3.2G    0.0529   0.02808   0.01481   0.09578        36       640    0.2936    0.4429    0.2538   0.07841   0.03547   0.01509  0.009563
    36/499      3.2G   0.05328   0.02475   0.01774   0.09577        29       640    0.3094    0.5147    0.2632    0.1025   0.03564   0.01494  0.008447
    37/499      3.2G   0.05734    0.0292   0.01486    0.1014        29       640    0.2388    0.5143    0.3441    0.1253   0.03476   0.01488  0.006647
    38/499      3.2G   0.06369   0.02938    0.0131    0.1062        36       640    0.2644     0.772    0.3865    0.1632   0.03389   0.01481  0.005962
    39/499      3.2G   0.05158    0.0269   0.01351   0.09199        27       640    0.3279     0.577    0.4684    0.1528   0.03338   0.01476  0.006291
    40/499      3.2G   0.06174   0.02543   0.01359    0.1008        23       640    0.5278     0.407    0.4245    0.1249   0.03496   0.01432  0.007756
    41/499      3.2G   0.05457    0.0256   0.01405   0.09422        30       640    0.5229    0.4334    0.3535    0.1103   0.03429   0.01415  0.008294
    42/499      3.2G   0.06498   0.02785   0.01467    0.1075        31       640    0.4613    0.4429    0.3747    0.1279   0.03528   0.01351  0.008019
    43/499      3.2G   0.05107   0.02487   0.00872   0.08466        25       640    0.3499    0.4061    0.3342   0.07091   0.03468   0.01337  0.007745
    44/499      3.2G   0.05715   0.02464   0.01774   0.09953        25       640    0.4494    0.4116    0.3585    0.1197   0.03648   0.01351   0.00711
    45/499      3.2G   0.06268   0.02626  0.009318   0.09826        26       640    0.3519    0.4762    0.3034   0.09659   0.03669    0.0137  0.008705
    46/499      3.2G   0.04882   0.02441  0.009272    0.0825        34       640    0.2059    0.5119    0.3161   0.07612   0.03614   0.01351   0.01004
    47/499      3.2G   0.05608   0.02425   0.01133   0.09166        27       640    0.6693    0.3048    0.3132   0.09045   0.03549   0.01371  0.009292
    48/499      3.2G   0.05251   0.02277   0.01053    0.0858        29       640    0.5771    0.3761    0.4054     0.116   0.03342    0.0134   0.01037
    49/499      3.2G   0.05049   0.02419  0.007855   0.08253        25       640    0.7081    0.3733    0.3566     0.133   0.03638   0.01333   0.01282
    50/499      3.2G   0.05725   0.02742  0.008953   0.09363        32       640    0.5771    0.3024    0.3321    0.1642   0.03788   0.01266   0.01701
    51/499      3.2G    0.0544   0.02454  0.009748   0.08869        38       640    0.6514    0.3357    0.3427    0.1439   0.03777   0.01236    0.0173
    52/499      3.2G   0.05187   0.02492  0.008764   0.08555        32       640    0.8423    0.2333    0.3526    0.1866   0.03835   0.01185   0.01314
    53/499      3.2G    0.0525   0.02266  0.006022   0.08119        35       640    0.2384    0.5714     0.347    0.1492   0.03651   0.01189  0.009475
    54/499      3.2G   0.04952   0.02147  0.008154   0.07915        32       640    0.5157    0.5738    0.4813    0.1846   0.03504   0.01238  0.008088
    55/499      3.2G   0.05357   0.02147  0.007633   0.08267        21       640    0.4625    0.4024    0.4279    0.1554   0.03436   0.01211  0.006833
    56/499      3.2G   0.05188   0.02394  0.006426   0.08224        29       640    0.5326    0.6119    0.5098     0.204   0.03385   0.01149  0.006343
    57/499      3.2G    0.0549   0.02223  0.008862   0.08599        30       640    0.6688    0.4048     0.489     0.155   0.03785   0.01095  0.006073
    58/499      3.2G   0.04862   0.02264  0.005233   0.07649        23       640    0.5244    0.6143    0.5713    0.2495   0.03306   0.01102  0.004778
    59/499      3.2G   0.04858   0.02251  0.005137   0.07623        26       640    0.5891    0.6109    0.5988    0.1764   0.03508   0.01029  0.003922
    60/499      3.2G   0.04988   0.02357   0.00605    0.0795        37       640    0.5923    0.6143     0.546    0.1909   0.03653   0.01009  0.005913
    61/499      3.2G   0.04545    0.0197  0.005817   0.07097        22       640    0.4621      0.65     0.503    0.1636   0.03444   0.01053  0.003736
    62/499      3.2G   0.05499   0.02301  0.005704    0.0837        40       640    0.5967    0.6143    0.5362    0.1612   0.03252   0.01089  0.003751
    63/499      3.2G   0.05873   0.02166   0.00717   0.08757        37       640    0.4762    0.5778    0.4484     0.227   0.03325    0.0107  0.004245
    64/499      3.2G   0.05324   0.02335  0.005865   0.08245        30       640    0.4757    0.5762    0.4069    0.1235   0.03913   0.01002  0.003369
    65/499      3.2G   0.05895    0.0238  0.005945    0.0887        31       640    0.3705    0.5429    0.4619    0.1915   0.03737  0.009993  0.003138
    66/499      3.2G   0.05125    0.0214  0.006417   0.07907        24       640    0.5259    0.6099    0.5688     0.222   0.03303  0.009831  0.003088
    67/499      3.2G   0.05624   0.02021  0.006045    0.0825        33       640      0.57    0.7905    0.6817    0.2816    0.0353  0.008906  0.001802
    68/499      3.2G   0.05068   0.02079  0.008193   0.07966        35       640    0.6601    0.6843     0.649    0.2451   0.03385  0.008914  0.003952
    69/499      3.2G   0.05466   0.01811  0.004701   0.07747        25       640    0.6494    0.7968    0.7169    0.2249   0.04088  0.008488  0.003926
    70/499      3.2G   0.04902   0.01949   0.00614   0.07464        31       640    0.8298    0.8571    0.8946    0.4407   0.02919  0.009372  0.001382
    71/499      3.2G   0.05147   0.02019  0.004817   0.07648        26       640    0.6243    0.8178    0.7055      0.35     0.029  0.009182  0.001703
    72/499      3.2G   0.05276   0.02143   0.00584   0.08002        35       640    0.6328    0.8571    0.7719    0.4376   0.02983   0.00901  0.002245
    73/499      3.2G   0.04621   0.01986  0.004343   0.07042        33       640    0.6994    0.7162    0.6853     0.326   0.03494  0.009064  0.001735
    74/499      3.2G   0.04787   0.01893  0.004263   0.07106        27       640    0.7446    0.7202    0.7438     0.361   0.03156  0.009616  0.001927
    75/499      3.2G   0.05648   0.01965  0.006086   0.08221        31       640     0.627    0.6102    0.6637    0.2763   0.03091  0.009386  0.003558
    76/499      3.2G   0.04869   0.02102  0.004626   0.07434        27       640    0.6926    0.6143    0.6905    0.3657   0.03022  0.009638  0.006564
    77/499      3.2G   0.04215   0.01622  0.004369   0.06275        28       640    0.7333    0.7542     0.729    0.3771   0.02718  0.009295  0.005579
    78/499      3.2G   0.05074   0.02148  0.005269   0.07749        30       640    0.8844    0.7545    0.8456    0.4738   0.02726  0.008834  0.005407
    79/499      3.2G   0.04721   0.01816  0.005437   0.07081        28       640    0.7493    0.7186      0.79    0.4522   0.02728   0.00875  0.003977
    80/499      3.2G   0.05089   0.02033  0.004479    0.0757        33       640    0.7514    0.8927    0.7949    0.3899    0.0312  0.008132  0.002701
    81/499      3.2G   0.04189   0.01773  0.003845   0.06347        21       640    0.8103    0.8592    0.8429     0.358   0.02979   0.00825  0.002725
    82/499      3.2G   0.05189   0.01805  0.003899   0.07384        29       640    0.6057    0.7536    0.6943    0.2832   0.03074  0.008377  0.002791
    83/499      3.2G   0.05352   0.01752   0.01284   0.08388        27       640    0.7798    0.8214    0.8215    0.3838   0.03096  0.008542  0.002728
    84/499      3.2G     0.051   0.01683  0.005148   0.07298        28       640    0.8877    0.8044     0.832    0.4054   0.03046  0.008899  0.001916
    85/499      3.2G   0.05331     0.017    0.0055   0.07581        27       640    0.7159    0.7524    0.7006    0.3001   0.03942  0.008338  0.001728
    86/499      3.2G   0.05664   0.01811  0.005072   0.07982        28       640    0.6011    0.7857    0.6745    0.2959   0.03618  0.008474  0.001784
    87/499      3.2G   0.05158   0.01705  0.005451   0.07408        33       640    0.6373    0.7478    0.6713    0.3964   0.03667  0.008546  0.001213
    88/499      3.2G   0.04159   0.01877  0.004107   0.06446        31       640    0.8299    0.7489    0.8379    0.4047   0.03128  0.008962  0.001173
    89/499      3.2G   0.04954   0.01689  0.003658   0.07008        32       640    0.7479    0.6166    0.6657    0.3029   0.03724   0.00925  0.001328
    90/499      3.2G    0.0488   0.02066  0.004616   0.07408        28       640    0.6912      0.82     0.796    0.4438   0.02914  0.009346  0.001195
    91/499      3.2G    0.0448   0.01782  0.003203   0.06582        33       640    0.5924    0.7929    0.6812    0.3256   0.03192  0.009389  0.001221
    92/499      3.2G   0.04115   0.01573   0.01098   0.06786        23       640    0.6212    0.8926    0.7953    0.3419   0.03493  0.009951  0.001575
    93/499      3.2G   0.04991   0.01621  0.008016   0.07414        24       640    0.5836    0.8571    0.7025    0.3104   0.03298  0.009041  0.001574
    94/499      3.2G   0.05438   0.01857  0.006017   0.07897        34       640    0.8764    0.8595    0.9195    0.4647   0.02682  0.008074  0.001142
    95/499      3.2G   0.04407   0.01809  0.003663   0.06582        27       640    0.6182    0.8595    0.8167    0.3981   0.02972  0.007983  0.001222
    96/499      3.2G   0.03716   0.01748  0.004452    0.0591        28       640    0.6088    0.8595    0.7493    0.3665   0.03195    0.0087    0.0012
    97/499      3.2G   0.03789   0.01671  0.005719   0.06032        29       640     0.572     0.878    0.7707    0.3901   0.03059  0.008395  0.001716
    98/499      3.2G   0.04668   0.01572  0.004107   0.06651        23       640     0.716    0.8109    0.7986    0.3876   0.02843  0.008388  0.004383
    99/499      3.2G   0.04855    0.0165  0.004957      0.07        30       640    0.7456    0.8831    0.8651    0.4622   0.02441  0.008631  0.003908
   100/499      3.2G   0.04272    0.0189  0.004719   0.06634        28       640    0.7478    0.8637    0.8546    0.4508   0.02597  0.007949  0.002151
   101/499      3.2G   0.04817   0.01942  0.005662   0.07326        28       640    0.5278    0.8616     0.632    0.2493   0.02967  0.007698  0.001917
   102/499      3.2G    0.0437   0.01735  0.006539   0.06758        36       640    0.3071    0.9305    0.4384     0.194   0.03357  0.007451 0.0009969
   103/499      3.2G   0.04923   0.01716  0.003472   0.06986        21       640    0.8076    0.7905    0.8708    0.4303   0.02739  0.007492 0.0008078
   104/499      3.2G   0.05044     0.019  0.003767   0.07321        27       640    0.6852    0.9643    0.7889    0.3726   0.02899  0.006991 0.0007031
   105/499      3.2G   0.05393    0.0164  0.004096   0.07442        28       640     0.644     0.824    0.8182    0.4141    0.0305  0.007337 0.0007671
   106/499      3.2G    0.0416   0.01671  0.005497    0.0638        29       640    0.7511    0.6189    0.7661      0.28   0.03193  0.007355  0.000759
   107/499      3.2G   0.05583   0.01769  0.006383    0.0799        34       640    0.6059    0.8619    0.7522    0.3084   0.03177  0.007162 0.0008091
   108/499      3.2G   0.05435   0.01872   0.00432   0.07739        34       640      0.68    0.8594    0.8645    0.4522   0.02607  0.007467 0.0009015
   109/499      3.2G   0.05229   0.01769  0.003762   0.07375        22       640    0.8995    0.9096    0.9132     0.489   0.02968  0.007364 0.0008946
   110/499      3.2G   0.05362   0.01678  0.004114   0.07451        27       640    0.6751    0.7238    0.7836    0.4333   0.03466  0.007209 0.0008204
   111/499      3.2G   0.04411   0.01755  0.003265   0.06493        29       640     0.604    0.9302    0.7701    0.3973   0.03029  0.007051 0.0009594
   112/499      3.2G   0.04958   0.01545   0.00591   0.07094        22       640    0.7869         1     0.869    0.4177   0.02972  0.006998  0.001147
   113/499      3.2G   0.04318   0.01781  0.004142   0.06513        26       640    0.7284    0.9119    0.8879    0.5137   0.02572  0.007118  0.001187
   114/499      3.2G   0.04074   0.01539  0.003176   0.05931        30       640    0.8216    0.9641    0.9578     0.429   0.02634  0.007058  0.001565
   115/499      3.2G   0.03495   0.01627  0.006358   0.05758        28       640     0.818     0.795    0.8726    0.4835   0.02945  0.006336   0.00122
   116/499      3.2G   0.04742   0.01698   0.01178   0.07619        34       640    0.6925    0.7925    0.7934     0.435    0.0255  0.006633  0.001253
   117/499      3.2G   0.04451   0.01499  0.005742   0.06524        22       640    0.7375    0.9179    0.8334    0.4367   0.03105  0.006799  0.001545
   118/499      3.2G   0.03727   0.01466  0.004589   0.05652        26       640    0.5696    0.8792    0.7936     0.479    0.0258  0.007497  0.001853
   119/499      3.2G   0.04412   0.01716  0.007238   0.06851        33       640    0.7951    0.9278    0.9142    0.4816   0.02728  0.007177  0.001485
   120/499      3.2G   0.04038   0.01698   0.00615   0.06351        30       640    0.7469    0.8583    0.8088    0.4379   0.02701   0.00677  0.001083
   121/499      3.2G   0.03508   0.01445   0.00308   0.05261        29       640     0.724    0.9284    0.7906     0.334   0.02786  0.006936  0.001114
   122/499      3.2G   0.04437   0.01557  0.003718   0.06365        31       640    0.6356    0.8926    0.8481    0.4816   0.03196  0.006755   0.00146
   123/499      3.2G   0.04424   0.01579  0.004327   0.06436        21       640      0.91    0.7026    0.8764     0.465   0.02898  0.007288  0.005972
   124/499      3.2G     0.039   0.01402  0.003757   0.05677        19       640    0.6698    0.7145     0.762    0.4475   0.03193  0.007312   0.01043
   125/499      3.2G    0.0504   0.01651  0.003652   0.07056        29       640    0.9004    0.7857    0.8719    0.4649   0.02503  0.007509  0.006472
   126/499      3.2G   0.03889   0.01596  0.003402   0.05825        31       640    0.8123    0.7883    0.8415    0.5018   0.02595  0.007402  0.005091
   127/499      3.2G   0.04064    0.0162  0.002845   0.05968        27       640    0.8151    0.9286    0.9067    0.5554   0.02392  0.007513  0.002839
   128/499      3.2G   0.04347   0.01532  0.005396   0.06418        33       640    0.6515     0.928    0.8099    0.4487   0.02659   0.00737  0.001709
   129/499      3.2G   0.04319   0.01677  0.004341    0.0643        34       640     0.634    0.8986    0.8186    0.4816   0.02447  0.007018  0.001268
   130/499      3.2G   0.04368   0.01771  0.004748   0.06614        33       640    0.9727    0.9641    0.9613     0.644   0.02123  0.006677  0.001287
   131/499      3.2G   0.04768   0.01641  0.004443   0.06854        32       640    0.8695    0.9643     0.868    0.4733   0.02471  0.007057  0.001308
   132/499      3.2G   0.04279   0.01332  0.009114   0.06522        27       640    0.7001    0.7857    0.8089    0.3656   0.03628  0.007716  0.001623
   133/499      3.2G   0.05041   0.01638  0.004031   0.07082        26       640     0.777    0.7167     0.671    0.4015   0.03384  0.008765  0.003028
   134/499      3.2G   0.04094   0.01677  0.008859   0.06657        31       640    0.6969    0.7857    0.7984    0.4441   0.02873  0.009108  0.002498
   135/499      3.2G    0.0469   0.01493   0.01089   0.07272        28       640    0.7686    0.6143    0.7059    0.3346   0.03115    0.0101  0.003637
   136/499      3.2G   0.03241   0.01472   0.01082   0.05795        26       640    0.7311     0.703     0.733    0.4531   0.02998  0.009732  0.004809
   137/499      3.2G   0.04968   0.01798   0.00883   0.07649        30       640    0.7543    0.6476     0.709    0.3715    0.0342  0.009228  0.005791
   138/499      3.2G   0.04229   0.01555   0.00589   0.06373        23       640    0.8166    0.7851    0.8154    0.4205   0.02838  0.009031  0.006475
   139/499      3.2G   0.04651    0.0182    0.0082   0.07292        30       640    0.8191    0.8039    0.8393    0.4578   0.02868    0.0084  0.007313
   140/499      3.2G   0.04185   0.02042  0.007919   0.07019        38       640    0.9166    0.8103    0.8797    0.4526   0.02548  0.008131  0.007098
   141/499      3.2G   0.03947   0.01713  0.005982   0.06259        32       640    0.5958    0.8567    0.8195    0.4775   0.02846  0.007043  0.005802
   142/499      3.2G   0.04131   0.01785  0.004768   0.06393        29       640    0.8558    0.9638    0.9682    0.5956   0.02283  0.007158  0.002067
   143/499      3.2G   0.03674   0.01559   0.00455   0.05688        37       640    0.8799    0.8303     0.882    0.4147   0.03032  0.007311  0.001647
   144/499      3.2G   0.04181   0.01605  0.003253   0.06111        27       640    0.8603    0.9643      0.94    0.4588    0.0278  0.007613  0.001526
   145/499      3.2G    0.0424    0.0158  0.006636   0.06484        28       640    0.9797    0.9997    0.9951    0.5896   0.02464  0.007179  0.001326
   146/499      3.2G   0.03518   0.01624  0.003639   0.05507        28       640    0.9617    0.8971    0.9762    0.5673   0.02532  0.007129  0.001175
   147/499      3.2G   0.03891   0.01661  0.002909   0.05844        37       640    0.8062    0.9533    0.9161    0.5157   0.02621  0.006746 0.0009875
   148/499      3.2G   0.04888    0.0164  0.007413   0.07269        39       640    0.8208    0.9877    0.9341    0.5514   0.02391  0.006795 0.0009616
   149/499      3.2G    0.0463   0.01506  0.008651   0.07002        28       640    0.8705    0.9998    0.9756    0.5584   0.02538  0.006842 0.0007304
   150/499      3.2G   0.02836   0.01435  0.002119   0.04483        31       640    0.9506    0.8593    0.9226    0.5016   0.02618  0.006689 0.0006579
   151/499      3.2G   0.03597    0.0145  0.008581   0.05905        25       640    0.9604    0.8927    0.9345     0.508   0.02445  0.006549 0.0007974
   152/499      3.2G   0.04246   0.01738  0.003663    0.0635        33       640    0.8268    0.8929     0.881    0.4803   0.02723  0.006361 0.0007456
   153/499      3.2G   0.04911   0.01492  0.003241   0.06728        23       640    0.8737    0.8571    0.9053    0.4626   0.02692  0.006679 0.0007985
   154/499      3.2G   0.05038   0.01536  0.005027   0.07077        31       640    0.9231     0.928    0.9466    0.5223   0.02548  0.006554  0.000943
   155/499      3.2G   0.04131   0.01549  0.005891    0.0627        32       640     0.947    0.8928    0.9524    0.5187   0.02256  0.006622 0.0009821
   156/499      3.2G   0.02769   0.01475  0.004378   0.04682        25       640    0.9346    0.8928    0.9584    0.5464   0.02196  0.006605 0.0008444
   157/499      3.2G   0.04096   0.01789  0.002386   0.06124        31       640    0.7573    0.8924    0.8453    0.4121   0.02599  0.006668 0.0008622
   158/499      3.2G   0.04265   0.01573   0.00365   0.06203        41       640    0.9091    0.9286    0.9522    0.5129   0.02429  0.006722 0.0009223
   159/499      3.2G   0.04197   0.01687  0.006735   0.06557        30       640    0.9272    0.9283    0.9551    0.5447   0.02298  0.006823  0.001376
   160/499      3.2G   0.04745   0.01719  0.003648   0.06829        38       640         1    0.9412     0.986    0.5691   0.02156  0.006576   0.00163
   161/499      3.2G   0.04234   0.01635  0.005362   0.06405        35       640    0.9614    0.9984    0.9835    0.5119   0.02299  0.006929  0.000996
   162/499      3.2G   0.03491   0.01423  0.002784   0.05192        36       640    0.9532    0.8238    0.8888    0.4917    0.0269  0.007325 0.0009199
   163/499      3.2G   0.03162    0.0153  0.003316   0.05024        27       640    0.9385    0.8595    0.9483    0.5567   0.02392  0.007224 0.0009326
   164/499      3.2G   0.04138   0.01469  0.007506   0.06357        25       640    0.9334    0.8595    0.9457    0.5635   0.02361  0.007163 0.0008857
   165/499      3.2G   0.03744   0.01462  0.002908   0.05496        29       640    0.9481    0.9285    0.9253    0.5586   0.02333  0.007445  0.000843
   166/499      3.2G   0.04931   0.01549  0.005232   0.07004        32       640    0.9415    0.9286     0.923    0.5637   0.02326  0.007272 0.0008691
   167/499      3.2G   0.03726   0.01427  0.009376    0.0609        28       640    0.9644    0.9637    0.9727    0.5962   0.02152  0.007428 0.0008612
   168/499      3.2G   0.03672   0.01798  0.006524   0.06123        34       640    0.7982    0.8929    0.8284    0.4645   0.02794   0.00659 0.0008341
   169/499      3.2G   0.04623    0.0135  0.003957   0.06369        22       640    0.6902     0.889    0.7849    0.4701   0.02692  0.006907 0.0009502
   170/499      3.2G   0.03781   0.01242  0.003518   0.05375        30       640    0.7231    0.9284    0.8073    0.4773   0.02988  0.007592  0.001253
   171/499      3.2G   0.03631   0.01702  0.002664   0.05599        30       640     0.887    0.9286    0.9124    0.5169   0.02686  0.007977  0.001543
   172/499      3.2G   0.04033   0.01688  0.002489    0.0597        24       640    0.8518    0.8926    0.8965    0.4245   0.02938  0.007105  0.001859
   173/499      3.2G   0.04518   0.01605  0.003017   0.06425        38       640     0.807    0.9286    0.9078    0.4486   0.02312  0.007444  0.001617
   174/499      3.2G   0.04023   0.01408  0.002437   0.05675        21       640    0.8935    0.8393    0.9045    0.4802   0.02641  0.007024  0.001682
   175/499      3.2G   0.04031    0.0137  0.003242   0.05725        24       640    0.9856    0.8214    0.9231    0.5138   0.02597  0.006803  0.001411
   176/499      3.2G   0.04029   0.01245  0.001924   0.05466        29       640    0.9269    0.8904    0.9271    0.5503   0.02831  0.006688  0.001518
   177/499      3.2G   0.04535   0.01546   0.00395   0.06476        39       640    0.9371    0.7433    0.9055    0.5324   0.02737  0.006361  0.001493
   178/499      3.2G    0.0428   0.01394  0.004507   0.06124        27       640    0.9425    0.8571    0.9052    0.6019    0.0245  0.006422  0.001303
   179/499      3.2G   0.04464   0.01518  0.004414   0.06423        26       640      0.95    0.8571    0.9232    0.6044   0.02403  0.006509  0.001193
   180/499      3.2G   0.04053   0.01534  0.005454   0.06132        26       640    0.8787    0.9284    0.9575    0.5704   0.02352  0.006781  0.001021
   181/499      3.2G   0.03933   0.01437  0.005568   0.05927        33       640    0.9222    0.8928    0.9596    0.5716   0.02525  0.006481 0.0009883
   182/499      3.2G      0.04   0.01496   0.01051   0.06547        33       640    0.9496    0.9643    0.9655    0.5641   0.02101   0.00703  0.001082
   183/499      3.2G   0.03446   0.01615  0.002881    0.0535        27       640    0.9596    0.9643    0.9624    0.5111   0.02143  0.006843  0.001126
   184/499      3.2G   0.03514   0.01425  0.003654   0.05305        35       640    0.9535    0.9642    0.9634    0.5706   0.02358   0.00642  0.001001
   185/499      3.2G   0.04537   0.01484  0.004397   0.06461        41       640    0.7987    0.8876     0.902    0.4343   0.02502  0.006763  0.001519
   186/499      3.2G   0.03846   0.01446  0.002501   0.05542        30       640    0.9818    0.7881    0.9206    0.5278   0.02706  0.007657    0.0033
   187/499      3.2G    0.0403   0.01359  0.003802    0.0577        20       640    0.8183    0.8588    0.8972    0.5122   0.02702  0.008542   0.00401
   188/499      3.2G   0.04315    0.0149  0.005562   0.06361        25       640    0.9757    0.7543    0.8936    0.5316   0.02431  0.008102  0.003727
   189/499      3.2G   0.03891   0.01498  0.003267   0.05716        24       640     0.941    0.8963    0.9366    0.5275   0.02349  0.007227  0.002199
   190/499      3.2G   0.03614   0.01468  0.003354   0.05418        25       640    0.9451    0.9286    0.9723    0.6138    0.0218  0.006615  0.001521
   191/499      3.2G   0.04205   0.01402  0.002303   0.05837        28       640    0.9995     0.889    0.9727    0.6119   0.02085   0.00675  0.001305
   192/499      3.2G   0.03616   0.01526  0.002629   0.05404        31       640     0.963    0.8572     0.894    0.5233   0.02473  0.007362  0.003499
   193/499      3.2G   0.03752   0.01498  0.004214   0.05671        27       640    0.7661    0.8571    0.8369    0.4905   0.02565  0.007815  0.003618
   194/499      3.2G   0.03965   0.01634  0.002111   0.05811        38       640    0.9419    0.7857    0.8712    0.4814   0.02523  0.008161  0.004455
   195/499      3.2G   0.03482    0.0133  0.003488   0.05161        33       640    0.9409    0.7733    0.8549    0.5095   0.02545  0.008112   0.00448
   196/499      3.2G   0.03195   0.01726  0.006934   0.05615        43       640    0.9798    0.8571    0.9129    0.5173    0.0246  0.007604   0.00175
   197/499      3.2G   0.03936   0.01469  0.001802   0.05585        34       640     0.674    0.8571    0.7631    0.4489    0.0257  0.007488  0.001382
   198/499      3.2G   0.04047   0.01462  0.002717   0.05782        24       640     0.922    0.8929    0.9385    0.5639   0.02493  0.007203  0.001307
   199/499      3.2G   0.03676   0.01415  0.002294   0.05321        30       640     0.973    0.9284    0.9612    0.5841    0.0227  0.007178  0.001265
   200/499      3.2G     0.034   0.01354  0.001932   0.04948        31       640     0.909    0.9286    0.9527    0.6042   0.02051  0.007183  0.001467
   201/499      3.2G   0.03094   0.01446  0.002124   0.04752        31       640     0.985    0.9286    0.9562    0.5205   0.02525  0.006983  0.001052
   202/499      3.2G   0.03762    0.0161  0.005122   0.05884        24       640    0.9867    0.9286    0.9741    0.5847   0.01962  0.006847 0.0007421
   203/499      3.2G   0.03638   0.01266  0.003975   0.05301        22       640    0.9983    0.9284    0.9777    0.5775   0.02158  0.006722 0.0007065
   204/499      3.2G   0.03683   0.01429  0.005589   0.05671        28       640     0.977    0.9642    0.9834    0.6353   0.01956  0.007062 0.0006926
   205/499      3.2G   0.03636   0.01567  0.009475   0.06151        36       640    0.9808    0.9641    0.9749    0.5528   0.02342  0.007027 0.0008169
   206/499      3.2G   0.03221   0.01337  0.002419   0.04801        26       640     0.954    0.9642    0.9542    0.5535   0.02309  0.006817 0.0009878
   207/499      3.2G   0.04195   0.01489  0.002856    0.0597        33       640     0.961    0.9641    0.9708    0.5562   0.02243  0.006729  0.001266
   208/499      3.2G   0.03469   0.01338  0.002132    0.0502        24       640    0.9054    0.9286    0.9541    0.5566   0.02584  0.006695  0.001826
   209/499      3.2G   0.03561   0.01242  0.002119   0.05015        23       640    0.9646    0.9286    0.9632    0.5827   0.02075  0.006756  0.001133
   210/499      3.2G   0.04849    0.0149  0.004551   0.06794        33       640    0.9812    0.9642    0.9814     0.612   0.01945  0.006759  0.001026
   211/499      3.2G   0.03688   0.01506  0.002513   0.05446        25       640    0.9819    0.9637    0.9805    0.6034   0.01962   0.00662 0.0009243
   212/499      3.2G   0.03684   0.01438  0.003917   0.05514        32       640    0.9922    0.9643    0.9797    0.6117   0.01756  0.006511 0.0007398
   213/499      3.2G   0.03672   0.01385  0.002448   0.05302        34       640    0.9889    0.9643    0.9749    0.5617   0.02354  0.006394 0.0007218
   214/499      3.2G    0.0408   0.01447  0.004034    0.0593        34       640    0.9691    0.9642    0.9873    0.6503   0.01941  0.006482 0.0007236
   215/499      3.2G   0.03766   0.01305  0.005829   0.05654        29       640     0.955    0.9642    0.9859    0.6606    0.0184  0.006583 0.0007126
   216/499      3.2G    0.0432   0.01383  0.005982   0.06301        32       640    0.9002    0.9286    0.9696    0.6327   0.01963  0.006767 0.0006385
   217/499      3.2G   0.04453   0.01544  0.002842   0.06281        28       640    0.9339    0.9285    0.9715    0.5827    0.0221  0.006888 0.0005972
   218/499      3.2G   0.03709   0.01501  0.007072   0.05917        26       640    0.9998    0.8571    0.9569    0.5873   0.02074  0.006988  0.000606
   219/499      3.2G   0.03219   0.01281  0.007564   0.05256        31       640     0.948    0.8927     0.951    0.5717   0.01988  0.007346 0.0006363
   220/499      3.2G   0.04186   0.01428  0.003471   0.05961        28       640    0.9543    0.8565    0.9063    0.5717   0.02051  0.007508  0.000594
   221/499      3.2G   0.03238   0.01428  0.002892   0.04956        34       640    0.9473    0.8929    0.9573    0.5278   0.02292  0.007711 0.0005654
   222/499      3.2G   0.03592   0.01353  0.004094   0.05355        31       640    0.9082    0.9286    0.9357    0.5436   0.02145  0.007773 0.0006166
   223/499      3.2G   0.03114   0.01469  0.003334   0.04916        28       640     0.903    0.8929    0.9079    0.5382   0.02114  0.007686 0.0006426
   224/499      3.2G   0.03306   0.01432  0.003043   0.05043        25       640    0.9162    0.9286       0.9    0.5482   0.02116  0.007353 0.0006206
   225/499      3.2G   0.02802    0.0138  0.003472    0.0453        33       640    0.9666    0.9991    0.9928    0.5652   0.02019  0.007216  0.000647
   226/499      3.2G   0.03694   0.01445  0.004843   0.05623        26       640    0.9999    0.9963    0.9951    0.5645   0.02084  0.007244 0.0006501
   227/499      3.2G   0.03591    0.0156  0.003548   0.05506        37       640    0.9997    0.9973    0.9951    0.5788   0.01961   0.00732 0.0007015
   228/499      3.2G   0.03138     0.013  0.002522   0.04691        28       640    0.9998    0.9584    0.9928     0.589   0.02228  0.007149 0.0007147
   229/499      3.2G   0.03857   0.01428  0.002999   0.05584        29       640    0.9726    0.8952    0.9829    0.5898   0.02318  0.007073  0.000652
   230/499      3.2G   0.03808   0.01769  0.002004   0.05777        36       640         1    0.9593    0.9859    0.5993   0.02108  0.007233 0.0006426
   231/499      3.2G   0.03448   0.01255  0.003429   0.05046        37       640         1    0.9525    0.9874    0.6004   0.01975  0.007295 0.0006236
   232/499      3.2G   0.03079   0.01351  0.003479   0.04778        27       640         1    0.9249    0.9808    0.5972   0.01887  0.007671 0.0007145
   233/499      3.2G    0.0285   0.01342   0.00197   0.04389        21       640    0.9999    0.8664    0.9801    0.6085   0.01967  0.007545 0.0006635
   234/499      3.2G    0.0324   0.01323  0.002635   0.04827        29       640    0.9615    0.9266    0.9773    0.5959   0.01976  0.007796 0.0006067
   235/499      3.2G   0.03364   0.01461  0.001538   0.04979        29       640    0.9615    0.9256    0.9722    0.5921    0.0193  0.007769 0.0005859
   236/499      3.2G   0.02835    0.0141  0.002302   0.04475        32       640    0.9884    0.9285    0.9679    0.5843    0.0207  0.007562 0.0005605
   237/499      3.2G   0.02625   0.01381  0.002188   0.04225        37       640    0.9471    0.9286    0.9556    0.6119   0.02088    0.0072 0.0005666
   238/499      3.2G   0.03157   0.01374  0.003073   0.04838        36       640     0.991    0.9286    0.9517    0.5594   0.02191  0.007305 0.0005784
   239/499      3.2G    0.0325    0.0127  0.001829   0.04703        31       640    0.9376    0.9284    0.9583    0.5808    0.0195  0.007223 0.0006804
   240/499      3.2G   0.03234    0.0152   0.00191   0.04945        39       640    0.9688    0.8906    0.9544    0.6147   0.02082  0.007055  0.001027
   241/499      3.2G   0.03606   0.01393  0.002939   0.05293        32       640     0.983    0.8928    0.9607    0.5585   0.02154  0.006683 0.0006704
   242/499      3.2G   0.03418   0.01449  0.003245   0.05192        33       640    0.9774    0.9642    0.9815    0.6028   0.02019  0.006524 0.0005887
   243/499      3.2G    0.0329   0.01433  0.002489   0.04972        34       640    0.9856    0.9643    0.9798     0.594   0.02019  0.006675 0.0005276
   244/499      3.2G    0.0273   0.01208  0.001746   0.04112        31       640    0.9984    0.9641    0.9825    0.6021   0.02073  0.006543 0.0005279
   245/499      3.2G   0.02789   0.01314  0.002183   0.04321        30       640    0.9316    0.9641    0.9747    0.5951   0.02157  0.006344 0.0005695
   246/499      3.2G   0.02918   0.01222  0.001343   0.04274        31       640    0.9898    0.9642    0.9669    0.6111    0.0195  0.006235 0.0006034
   247/499      3.2G   0.02871   0.01288  0.001407     0.043        31       640    0.9851    0.9641    0.9675    0.5854   0.02015  0.006279 0.0006185
   248/499      3.2G   0.02497   0.01343  0.002135   0.04053        30       640    0.9999     0.955    0.9836    0.6156   0.01894  0.006168 0.0009912
   249/499      3.2G   0.02973   0.01333  0.001374   0.04444        31       640    0.9751    0.9284     0.985    0.6676   0.02012  0.006106  0.001168
   250/499      3.2G   0.03669   0.01265  0.001549   0.05089        27       640         1    0.9378    0.9891    0.6467   0.01925   0.00647  0.001628
   251/499      3.2G   0.03253   0.01212  0.003265   0.04792        34       640    0.9693    0.9285     0.961    0.6183   0.01962  0.006756  0.001608
   252/499      3.2G   0.03073   0.01294  0.002802   0.04647        32       640    0.9337         1    0.9917     0.671   0.01891  0.006556  0.001463
   253/499      3.2G   0.03596   0.01359  0.001831   0.05138        39       640    0.9999    0.9222    0.9889    0.6205   0.02008  0.006393  0.001369
   254/499      3.2G    0.0304   0.01315  0.001404   0.04495        27       640    0.9698    0.9666    0.9902    0.6514   0.01891  0.006284  0.001313
   255/499      3.2G   0.02458   0.01298   0.00105   0.03861        33       640    0.9998    0.9918    0.9952    0.6627   0.01906  0.005977  0.001206
   256/499      3.2G   0.03701   0.01233  0.001649   0.05099        34       640    0.9813    0.9998    0.9952    0.6658   0.01863  0.005906   0.00137
   257/499      3.2G   0.02946   0.01274  0.001209   0.04342        19       640    0.8695    0.9998    0.9758    0.6635   0.02114  0.005966  0.001195
   258/499      3.2G   0.03519   0.01363  0.002238   0.05106        30       640    0.9168    0.9999    0.9894    0.6358   0.02091  0.006093  0.001009
   259/499      3.2G   0.03255   0.01285  0.001767   0.04717        31       640    0.9781    0.9999    0.9953    0.6194    0.0198  0.006299  0.000852
   260/499      3.2G    0.0279   0.01314  0.002182   0.04322        22       640    0.9895         1    0.9953    0.6469    0.0204  0.005963 0.0006735
   261/499      3.2G   0.03673   0.01152  0.001713   0.04996        27       640    0.9983         1    0.9953     0.657   0.02006    0.0058 0.0005702
   262/499      3.2G   0.03374    0.0131  0.001375   0.04822        31       640    0.9988    0.9999    0.9953    0.6534   0.01875  0.005802 0.0005406
   263/499      3.2G   0.03253   0.01466  0.002041   0.04923        33       640    0.9945         1    0.9953    0.6607   0.01839   0.00574 0.0005027
   264/499      3.2G   0.02877   0.01153  0.004275   0.04458        24       640    0.9929         1    0.9953    0.6794   0.01827  0.005569 0.0004746
   265/499      3.2G   0.03486   0.01273  0.006603   0.05419        31       640    0.9581    0.9643    0.9791    0.5815   0.02463  0.005682 0.0004817
   266/499      3.2G   0.03852   0.01182  0.001746   0.05209        25       640    0.9855         1    0.9953    0.6248    0.0223  0.005818 0.0005134
   267/499      3.2G   0.03228   0.01223  0.003445   0.04795        31       640    0.9786    0.9999    0.9953     0.662   0.01927  0.005693 0.0004824
   268/499      3.2G   0.02514   0.01212  0.001267   0.03852        25       640    0.9866    0.9643    0.9929    0.6261   0.01978  0.005959 0.0004463
   269/499      3.2G   0.03838   0.01306  0.001932   0.05338        29       640    0.9762    0.9999    0.9953    0.6419   0.01855  0.005955 0.0004347
   270/499      3.2G   0.03155   0.01287   0.00423   0.04865        31       640    0.9785         1    0.9953    0.6307   0.01897   0.00597 0.0004492
   271/499      3.2G    0.0358    0.0114  0.001907   0.04911        23       640    0.9772    0.9999    0.9953    0.6538   0.01878  0.005946 0.0004795
   272/499      3.2G    0.0323   0.01363  0.003704   0.04963        35       640    0.9713         1    0.9953    0.6565   0.01825  0.005992 0.0005282
   273/499      3.2G   0.02457    0.0118   0.00195   0.03832        23       640    0.9846         1    0.9953    0.6559   0.01842  0.006237 0.0004871
   274/499      3.2G    0.0322   0.01215  0.002261   0.04661        27       640     0.984         1    0.9953    0.5917   0.02004   0.00642 0.0004794
   275/499      3.2G   0.03049    0.0118  0.002509    0.0448        29       640    0.9856         1    0.9953    0.5899   0.02014  0.006401 0.0004814
   276/499      3.2G   0.02627   0.01269  0.001502   0.04046        28       640    0.9812    0.9999    0.9953    0.5972   0.01864   0.00665 0.0004538
   277/499      3.2G   0.03399   0.01259  0.003527   0.05011        23       640    0.9835    0.9998    0.9953    0.6153   0.01899  0.006429  0.000431
   278/499      3.2G   0.03633   0.01359  0.005511   0.05544        32       640    0.9871    0.9641     0.993    0.6363   0.01846  0.006324 0.0004205
   279/499      3.2G   0.02817   0.01349  0.002847   0.04451        25       640    0.9849    0.9998    0.9953    0.6531    0.0178  0.006313 0.0004093
   280/499      3.2G   0.02995   0.01359  0.001756    0.0453        32       640    0.9808    0.9641    0.9929    0.6268   0.02004  0.005981 0.0003897
   281/499      3.2G   0.03398   0.01288  0.002698   0.04956        35       640    0.9421         1    0.9906    0.6835   0.01862  0.006093 0.0004009
   282/499      3.2G   0.02941   0.01364  0.002587   0.04563        28       640    0.9739    0.9998    0.9953    0.6493   0.01874  0.006048 0.0004368
   283/499      3.2G   0.03576   0.01269   0.00298   0.05143        30       640    0.9804    0.9643    0.9929    0.6423   0.01915  0.006122 0.0004712
   284/499      3.2G   0.02629   0.01221  0.002766   0.04127        27       640    0.9728    0.9997    0.9953    0.6581   0.01879    0.0062 0.0005081
   285/499      3.2G   0.02489   0.01203  0.003404   0.04032        29       640    0.9767         1    0.9953    0.6112   0.02069  0.005929 0.0005496
   286/499      3.2G   0.02677     0.012   0.00194   0.04071        33       640    0.9794    0.9999    0.9953    0.6404   0.01913  0.005925 0.0005846
   287/499      3.2G   0.01953   0.01136  0.002579   0.03347        32       640    0.9803    0.9999    0.9953    0.6682    0.0179  0.005899 0.0006267
   288/499      3.2G    0.0226   0.01026  0.001069   0.03393        20       640    0.9847    0.9999    0.9953     0.653   0.01944  0.006049 0.0007631
   289/499      3.2G   0.03054   0.01117  0.001629   0.04334        23       640    0.9481         1     0.986    0.6407   0.01814  0.006136   0.00149
   290/499      3.2G    0.0326   0.01229  0.001095   0.04599        31       640     0.951    0.9999     0.974    0.6311   0.01786  0.006165  0.002646
   291/499      3.2G   0.03275   0.01428  0.003802   0.05083        32       640    0.9564         1    0.9763    0.6489   0.01722  0.006159  0.003693
   292/499      3.2G    0.0256   0.01109  0.001993   0.03868        29       640    0.9224    0.9999    0.9731     0.654   0.01836  0.006165  0.004143
   293/499      3.2G   0.02755   0.01203  0.001256   0.04084        35       640    0.9395    0.9643    0.9791    0.6552   0.01757   0.00612  0.004134
   294/499      3.2G   0.02963   0.01223  0.002414   0.04427        33       640    0.9202    0.9999    0.9809    0.6593   0.01758  0.006057  0.003466
   295/499      3.2G   0.02666   0.01181  0.003985   0.04245        32       640    0.9223    0.9998    0.9809     0.655   0.01736  0.006101  0.002962
   296/499      3.2G   0.02699    0.0128    0.0019   0.04169        30       640     0.933    0.9999    0.9756    0.6608   0.01675  0.006098  0.002814
   297/499      3.2G   0.02688   0.01155   0.00181   0.04023        26       640    0.9601         1    0.9787     0.628   0.01996  0.006211  0.002487
   298/499      3.2G     0.034   0.01196  0.002678   0.04864        26       640    0.9563         1    0.9883    0.6608   0.01842  0.006276  0.001155
   299/499      3.2G   0.02581   0.01241   0.00173   0.03994        31       640    0.9878    0.9999    0.9953    0.6745   0.01751  0.006338 0.0005572
   300/499      3.2G   0.02662    0.0119   0.01163   0.05015        28       640    0.9845         1    0.9954    0.6548   0.01838  0.006386 0.0004031
   301/499      3.2G    0.0254   0.01008 0.0008562   0.03633        33       640    0.9875    0.9999    0.9954    0.6454   0.02081  0.006318 0.0003989
   302/499      3.2G    0.0333   0.01334   0.00483   0.05147        39       640    0.9917         1    0.9954    0.6215   0.02101  0.006414 0.0003709
   303/499      3.2G   0.02762   0.01288  0.002152   0.04265        30       640    0.9926         1    0.9954    0.6353   0.02027  0.006303 0.0003519
   304/499      3.2G   0.02455   0.01163  0.002162   0.03835        33       640    0.9884         1    0.9954    0.5952   0.02223  0.006151 0.0003125
   305/499      3.2G    0.0275   0.01436  0.001957   0.04383        45       640    0.9934         1    0.9954    0.5762    0.0219  0.006221 0.0003054
   306/499      3.2G    0.0278   0.01242  0.002894   0.04312        33       640     0.992         1    0.9953    0.5619    0.0227  0.006425 0.0003072
   307/499      3.2G   0.02473   0.01112  0.001637   0.03748        23       640    0.9883         1    0.9953    0.5633   0.02204  0.006617 0.0003104
   308/499      3.2G   0.02555   0.01156  0.001432   0.03854        27       640    0.9834         1    0.9953     0.575   0.02094  0.006962 0.0003158
   309/499      3.2G   0.02392   0.01259   0.00179    0.0383        24       640    0.9837         1    0.9953    0.5305   0.02225  0.006893  0.000315
   310/499      3.2G   0.02769   0.01204  0.001614   0.04135        27       640    0.9844         1    0.9953      0.56   0.02187  0.006934 0.0003115
   311/499      3.2G   0.02175   0.01068  0.001456   0.03389        25       640    0.9838         1    0.9953    0.5821   0.02165  0.006993 0.0003145
   312/499      3.2G   0.02554   0.01165  0.002875   0.04007        31       640    0.9848         1    0.9953    0.6124   0.02086  0.006969 0.0003176
   313/499      3.2G   0.02541   0.01224  0.001088   0.03874        24       640    0.9855    0.9643    0.9644    0.5605   0.02215  0.006885 0.0003244
   314/499      3.2G   0.02854   0.01129   0.00582   0.04565        26       640    0.9823         1    0.9953    0.6035   0.02033  0.006938 0.0003362
   315/499      3.2G   0.02555    0.0123  0.001407   0.03926        28       640    0.9407         1    0.9883    0.6271   0.01978  0.007051 0.0003488
   316/499      3.2G   0.03198   0.01094  0.002904   0.04582        27       640    0.9947    0.8929    0.9531    0.5465   0.02178  0.006883 0.0003456
   317/499      3.2G   0.03069   0.01317  0.001173   0.04504        32       640    0.9781         1    0.9953    0.5661   0.02198  0.006725  0.000351
   318/499      3.2G   0.02712   0.01288  0.002062   0.04206        36       640     0.979         1    0.9953    0.6253   0.02064  0.006416 0.0003642
   319/499      3.2G   0.02884   0.01237  0.001236   0.04244        27       640    0.9805         1    0.9953    0.6393   0.01922   0.00624 0.0003755
   320/499      3.2G   0.02692   0.01219  0.003817   0.04293        30       640    0.9803    0.9999    0.9953    0.6458    0.0175  0.006155 0.0003885
   321/499      3.2G   0.02497   0.01108  0.001883   0.03794        23       640    0.9899    0.9641    0.9929    0.6736   0.01796  0.005869 0.0003738
   322/499      3.2G   0.03159   0.01295  0.001559   0.04609        26       640    0.9746         1    0.9953    0.6741   0.01697  0.005726 0.0003653
   323/499      3.2G   0.02184   0.01223  0.002152   0.03621        30       640    0.9703         1    0.9953    0.6696   0.01704  0.005702 0.0003509
   324/499      3.2G   0.02406   0.01229  0.001219   0.03757        23       640     0.976    0.9643    0.9891    0.6666   0.01652  0.005763 0.0003291
   325/499      3.2G   0.02286   0.01231  0.002202   0.03737        21       640     0.975    0.9643    0.9891    0.6916   0.01602  0.005986 0.0003196
   326/499      3.2G   0.02987   0.01098  0.006111   0.04696        19       640    0.9823    0.9643    0.9929    0.6693    0.0173  0.005905 0.0003179
   327/499      3.2G   0.02441   0.01122  0.001191   0.03682        32       640    0.9885    0.9642     0.993    0.6513   0.01759   0.00592 0.0003232
   328/499      3.2G   0.02587   0.01207  0.001126   0.03906        22       640     0.989         1    0.9953     0.667   0.01731  0.005974 0.0003172
   329/499      3.2G    0.0209   0.01091  0.001617   0.03343        29       640    0.9897         1    0.9952    0.6747   0.01691  0.005975 0.0003007
   330/499      3.2G   0.03097   0.01245   0.00604   0.04946        29       640    0.9909         1    0.9952    0.6704   0.01732  0.005984 0.0002909
   331/499      3.2G   0.02159   0.01183  0.002849   0.03627        25       640    0.9913         1    0.9952    0.6657   0.01761  0.005993 0.0002786
   332/499      3.2G   0.02647   0.01184  0.009503   0.04781        33       640    0.9885         1    0.9952    0.6666    0.0163  0.005911 0.0002524
   333/499      3.2G   0.02289   0.00986  0.001615   0.03437        17       640    0.9899         1    0.9952     0.639   0.01951  0.005905  0.000254
   334/499      3.2G   0.02408   0.01118 0.0009937   0.03625        22       640    0.9883         1    0.9952     0.671    0.0171  0.005791 0.0002574
   335/499      3.2G   0.03071   0.01323  0.001158    0.0451        35       640    0.9871    0.9999    0.9952    0.6913   0.01572  0.005754 0.0002588
   336/499      3.2G   0.01998   0.01247 0.0008308   0.03329        31       640    0.9989    0.9643    0.9929    0.6638   0.01703  0.005762 0.0002735
   337/499      3.2G   0.02431   0.01097  0.001205   0.03648        22       640    0.9982    0.9642     0.993    0.6717   0.01672  0.005805 0.0002826
   338/499      3.2G   0.03068   0.01236  0.002091   0.04514        26       640    0.9986    0.9642     0.993    0.6534   0.01692  0.005754 0.0002878
   339/499      3.2G    0.0232   0.01231  0.001369   0.03688        30       640    0.9973    0.9643    0.9931     0.653   0.01724  0.005813 0.0002934
   340/499      3.2G   0.01955   0.01102 0.0008275    0.0314        24       640    0.9984    0.9643    0.9931    0.6671    0.0177  0.005808 0.0003024
   341/499      3.2G   0.02242   0.01178  0.001001    0.0352        36       640    0.9965    0.9643    0.9931    0.6555   0.01742  0.005931 0.0003142
   342/499      3.2G   0.02357    0.0115  0.001505   0.03658        36       640    0.9916    0.9642    0.9932    0.6512   0.01762   0.00603 0.0003308
   343/499      3.2G   0.01738   0.01281 0.0009301   0.03112        28       640    0.9692         1    0.9955    0.6572   0.01921  0.006129 0.0003574
   344/499      3.2G   0.02296   0.01189  0.001012   0.03586        33       640     0.971         1    0.9956    0.6513    0.0188  0.006071 0.0003623
   345/499      3.2G   0.02697   0.01077  0.001964   0.03971        26       640    0.9744    0.9999    0.9956    0.6767   0.01753  0.006146 0.0003583
   346/499      3.2G    0.0282   0.01119  0.001612     0.041        27       640    0.9737         1    0.9956    0.6656   0.01826  0.006037 0.0003813
   347/499      3.2G   0.02541   0.01173   0.00101   0.03816        24       640    0.9746    0.9999    0.9956    0.6633   0.01808  0.005934  0.000389
   348/499      3.2G   0.01856   0.01061  0.001277   0.03044        33       640    0.9771    0.9999    0.9956    0.6607   0.01788   0.00594 0.0003915
   349/499      3.2G   0.02842   0.01049  0.001738   0.04064        33       640    0.9777    0.9999    0.9956    0.6819   0.01772  0.006034 0.0003778
   350/499      3.2G   0.03134   0.01135  0.001502   0.04419        31       640    0.9818    0.9999    0.9956     0.665   0.01792  0.006089 0.0003483
   351/499      3.2G   0.02228   0.01075  0.002023   0.03506        28       640    0.9845         1    0.9956    0.6652   0.01807  0.006075 0.0003319
   352/499      3.2G   0.02525   0.01241  0.001536    0.0392        33       640    0.9928    0.9643    0.9932    0.6589    0.0179  0.006161 0.0002884
   353/499      3.2G   0.02395   0.01025  0.001154   0.03535        27       640    0.9947    0.9642    0.9932    0.6674   0.01871  0.006096 0.0002859
   354/499      3.2G   0.01998  0.008486 0.0009317    0.0294        23       640    0.9804    0.9999    0.9955    0.6696   0.01824   0.00611 0.0002923
   355/499      3.2G    0.0241   0.01185  0.001003   0.03695        35       640     0.983         1    0.9955    0.6814   0.01736  0.006144 0.0003005
   356/499      3.2G   0.02689   0.01154  0.003283   0.04172        27       640     0.986         1    0.9955    0.6632   0.01824  0.006229 0.0002943
   357/499      3.2G   0.02753   0.01146 0.0007483   0.03974        32       640    0.9916         1    0.9955     0.667    0.0171  0.006151 0.0002878
   358/499      3.2G   0.02138   0.01071  0.001202    0.0333        27       640    0.9932    0.9999    0.9955    0.6512   0.01796  0.006043  0.000288
   359/499      3.2G   0.02243   0.01076  0.001588   0.03478        32       640    0.9933         1    0.9955    0.6643   0.01783   0.00603 0.0002881
   360/499      3.2G   0.02023   0.01138  0.001921   0.03353        28       640    0.9974         1    0.9955    0.6573   0.01838  0.006018 0.0002831
   361/499      3.2G   0.02575   0.01159  0.001117   0.03845        28       640    0.9988         1    0.9955    0.6818   0.01777  0.005959 0.0002817
   362/499      3.2G   0.02471   0.01107 0.0009531   0.03674        31       640    0.9965         1    0.9955    0.6703   0.01714  0.005938 0.0002846
   363/499      3.2G   0.02626   0.01068  0.004431   0.04137        24       640    0.9996         1    0.9955    0.6577   0.01742  0.005889 0.0002834
   364/499      3.2G   0.02317   0.01274  0.001186    0.0371        38       640    0.9959         1    0.9955    0.6559   0.01737  0.005788 0.0002816
   365/499      3.2G   0.03051   0.01049   0.00156   0.04256        29       640    0.9938         1    0.9954    0.6653   0.01699  0.005768 0.0002823
   366/499      3.2G   0.02442   0.01042  0.001454    0.0363        27       640    0.9942         1    0.9954    0.6675   0.01673  0.005759 0.0002892
   367/499      3.2G    0.0251  0.009979  0.003429   0.03851        36       640    0.9942         1    0.9954    0.6571   0.01664   0.00575 0.0002956
   368/499      3.2G   0.01794   0.01078 0.0004615   0.02917        32       640    0.9936         1    0.9954    0.6747   0.01665  0.005715 0.0002954
   369/499      3.2G   0.02474   0.01177  0.001829   0.03834        29       640    0.9924         1    0.9954    0.6782   0.01649  0.005616 0.0002957
   370/499      3.2G   0.02033  0.009896 0.0005795    0.0308        36       640    0.9926    0.9999    0.9954    0.6918   0.01663  0.005598 0.0002923
   371/499      3.2G    0.0237  0.009421 0.0007682   0.03389        23       640    0.9931    0.9999    0.9954    0.6798   0.01651   0.00559 0.0002921
   372/499      3.2G   0.02275   0.01036 0.0006421   0.03376        26       640    0.9883    0.9999    0.9954    0.6963   0.01634  0.005588 0.0002888
   373/499      3.2G   0.02025  0.009963  0.001267   0.03148        37       640    0.9877         1    0.9954    0.6905   0.01668  0.005653 0.0002863
   374/499      3.2G   0.02521   0.01033 0.0008059   0.03634        25       640    0.9887         1    0.9955    0.6941   0.01628  0.005633 0.0002864
   375/499      3.2G   0.02337   0.01132 0.0005237   0.03521        22       640    0.9897         1    0.9956    0.6898   0.01636  0.005648 0.0002851
   376/499      3.2G    0.0236   0.01073 0.0009585   0.03529        31       640    0.9905         1    0.9956    0.6729   0.01687  0.005596 0.0002812
   377/499      3.2G   0.02184   0.01004  0.000636   0.03251        26       640    0.9911         1    0.9956     0.684   0.01613  0.005593  0.000278
   378/499      3.2G   0.02278   0.00961   0.00167   0.03407        32       640     0.993         1    0.9956    0.6787   0.01695   0.00561 0.0002819
   379/499      3.2G   0.02508   0.01081  0.001274   0.03717        34       640    0.9942         1    0.9956    0.6827   0.01662  0.005644 0.0002796
   380/499      3.2G   0.02169   0.00862  0.000473   0.03078        26       640    0.9936         1    0.9956    0.6762   0.01773  0.005728 0.0002743
   381/499      3.2G   0.02553    0.0108  0.001653   0.03798        26       640     0.993         1    0.9956    0.6494   0.01772  0.005731 0.0002726
   382/499      3.2G   0.02217   0.01132 0.0006122   0.03411        27       640    0.9922         1    0.9956    0.6773   0.01762   0.00572 0.0002727
   383/499      3.2G   0.01907  0.009186 0.0007539   0.02901        22       640     0.994         1    0.9956    0.6696   0.01749  0.005722 0.0002699
   384/499      3.2G   0.02318   0.01015 0.0007384   0.03407        35       640    0.9985         1    0.9956    0.6602   0.01704  0.005764 0.0002608
   385/499      3.2G   0.02005   0.01017 0.0004667   0.03069        29       640    0.9991         1    0.9956    0.6654   0.01778  0.005858 0.0002585
   386/499      3.2G   0.02147   0.01139  0.002777   0.03564        40       640    0.9981         1    0.9956    0.6657   0.01712  0.005872   0.00026
   387/499      3.2G   0.01621  0.009173 0.0004563   0.02584        26       640    0.9967         1    0.9956    0.6683   0.01718  0.005878 0.0002586
   388/499      3.2G   0.01616   0.01052  0.000514    0.0272        37       640    0.9944         1    0.9956    0.6635   0.01744  0.005919 0.0002544
   389/499      3.2G   0.02545   0.01019 0.0009306   0.03658        28       640     0.994         1    0.9956    0.6515   0.01878  0.005841 0.0002574
   390/499      3.2G   0.02476   0.01164  0.002861   0.03927        40       640    0.9951         1    0.9956    0.6577   0.01846  0.005819 0.0002647
   391/499      3.2G   0.01315  0.009326  0.000496   0.02297        33       640    0.9949         1    0.9956    0.6491   0.01851  0.005814 0.0002694
   392/499      3.2G   0.02249   0.01159 0.0008722   0.03495        36       640    0.9966         1    0.9956    0.6767   0.01703  0.005862 0.0002747
   393/499      3.2G     0.021  0.009424  0.001037   0.03146        28       640    0.9962         1    0.9956    0.6847   0.01738  0.005969 0.0002719
   394/499      3.2G   0.01864  0.009891 0.0006147   0.02915        23       640    0.9954         1    0.9956    0.6999   0.01668  0.005989 0.0002746
   395/499      3.2G   0.02299   0.01007 0.0006078   0.03366        29       640    0.9942    0.9999    0.9957    0.6891   0.01686  0.006033 0.0002733
   396/499      3.2G   0.01893   0.01095  0.001526    0.0314        29       640    0.9917         1    0.9957    0.6806   0.01688  0.006078 0.0002682
   397/499      3.2G     0.017  0.009233  0.001101   0.02733        20       640     0.992         1    0.9957    0.6873   0.01692  0.006079 0.0002643
   398/499      3.2G   0.02387   0.01038  0.001996   0.03625        29       640    0.9922         1    0.9957    0.6784   0.01688  0.006069  0.000263
   399/499      3.2G   0.01808  0.009019 0.0008622   0.02796        19       640    0.9921         1    0.9957    0.6719   0.01649  0.006114 0.0002611
   400/499      3.2G   0.02601   0.01064  0.001521   0.03817        41       640    0.9908         1    0.9957    0.6822    0.0159  0.006131 0.0002544
   401/499      3.2G   0.01921   0.01121 0.0007328   0.03116        31       640    0.9891         1    0.9957    0.6605   0.01713  0.006152 0.0002537
   402/499      3.2G   0.02095  0.009393 0.0009321   0.03127        23       640    0.9881         1    0.9956    0.6858   0.01601  0.006101  0.000255
   403/499      3.2G   0.02152   0.01089   0.00123   0.03363        28       640    0.9851         1    0.9956    0.6934   0.01566  0.006141 0.0002569
   404/499      3.2G   0.01662  0.008728 0.0004752   0.02582        19       640    0.9809    0.9999    0.9956    0.6963   0.01562  0.006104 0.0002521
   405/499      3.2G   0.02571  0.009681  0.002674   0.03807        28       640    0.9773         1    0.9956    0.6689   0.01678  0.006156  0.000255
   406/499      3.2G   0.01746  0.009942 0.0005343   0.02794        27       640    0.9752    0.9999    0.9956    0.6742   0.01582  0.006094 0.0002548
   407/499      3.2G   0.02373  0.009803  0.001451   0.03498        32       640    0.9745    0.9999    0.9955    0.6696   0.01571  0.006101 0.0002523
   408/499      3.2G   0.01664  0.008598 0.0004815   0.02572        24       640    0.9911    0.9643    0.9932    0.6686   0.01583  0.006171 0.0002412
   409/499      3.2G   0.02458  0.009658  0.001627   0.03586        27       640    0.9746         1    0.9955    0.6855   0.01653  0.006298 0.0002372
   410/499      3.2G   0.02318  0.009445 0.0006292   0.03325        35       640     0.975    0.9999    0.9955    0.6858   0.01624  0.006236 0.0002296
   411/499      3.2G   0.01763  0.009759 0.0006511   0.02804        31       640    0.9752    0.9999    0.9956    0.7043   0.01601  0.006193 0.0002223
   412/499      3.2G   0.01586  0.009502 0.0003188   0.02568        28       640    0.9907    0.9643    0.9932    0.6916   0.01667  0.006335 0.0002107
   413/499      3.2G    0.0223     0.011  0.001021   0.03431        31       640    0.9839    0.9642    0.9933    0.6944   0.01666  0.006307 0.0002028
   414/499      3.2G   0.02064  0.009405  0.001122   0.03116        26       640    0.9807    0.9642    0.9932    0.6927   0.01616   0.00638 0.0002021
   415/499      3.2G    0.0197   0.01041 0.0003802    0.0305        27       640    0.9742    0.9998    0.9954    0.6955   0.01615  0.006467 0.0002003
   416/499      3.2G   0.02052  0.009202 0.0005196   0.03025        31       640    0.9731         1    0.9955    0.6805   0.01672  0.006419 0.0001953
   417/499      3.2G   0.01851  0.009314 0.0008182   0.02864        30       640    0.9707         1    0.9955      0.71    0.0162  0.006434 0.0001953
   418/499      3.2G    0.0234   0.01123 0.0006232   0.03526        29       640    0.9701         1    0.9956    0.6982   0.01659  0.006431 0.0001929
   419/499      3.2G   0.01781  0.009721 0.0007241   0.02825        31       640    0.9702    0.9996    0.9956    0.6863   0.01669   0.00643  0.000191
   420/499      3.2G   0.01866  0.009129 0.0007438   0.02853        33       640    0.9708    0.9999    0.9956    0.6917   0.01678  0.006448 0.0001897
   421/499      3.2G   0.01965  0.009494 0.0004995   0.02965        31       640    0.9722         1    0.9956    0.6661   0.01742  0.006402 0.0001918
   422/499      3.2G   0.02309   0.01014  0.001366   0.03459        33       640    0.9739         1    0.9956    0.6871   0.01667  0.006475 0.0001945
   423/499      3.2G    0.0171   0.01005 0.0006847   0.02784        24       640    0.9757    0.9999    0.9957     0.679   0.01722  0.006611 0.0001979
   424/499      3.2G    0.0214  0.008781 0.0007136    0.0309        30       640    0.9804    0.9999    0.9956    0.6712   0.01678   0.00656 0.0001986
   425/499      3.2G   0.01824   0.01008  0.001027   0.02935        32       640     0.982         1    0.9956    0.6768   0.01643  0.006545 0.0001972
   426/499      3.2G   0.01837  0.009823 0.0007594   0.02895        30       640    0.9829         1    0.9956    0.6799   0.01663  0.006533 0.0001972
   427/499      3.2G   0.01738  0.009974  0.001222   0.02858        33       640    0.9821         1    0.9956    0.6803   0.01644  0.006502 0.0001979
   428/499      3.2G   0.02134   0.01084  0.001211   0.03339        39       640    0.9825    0.9999    0.9956    0.6726   0.01637  0.006448 0.0001992
   429/499      3.2G   0.01884  0.009261 0.0007695   0.02887        32       640    0.9807         1    0.9956    0.6458   0.01746  0.006459 0.0001975
   430/499      3.2G   0.01861   0.01014 0.0005116   0.02927        23       640    0.9811         1    0.9956    0.6637   0.01697  0.006506 0.0002007
   431/499      3.2G   0.02258  0.008896 0.0007863   0.03226        27       640    0.9813         1    0.9957    0.6673   0.01699   0.00653  0.000202
   432/499      3.2G   0.02115    0.0091 0.0007982   0.03105        27       640    0.9822    0.9999    0.9957    0.6619   0.01735  0.006535 0.0002031
   433/499      3.2G   0.02039  0.008936  0.001389   0.03071        23       640    0.9836         1    0.9957    0.6808   0.01717  0.006563 0.0002032
   434/499      3.2G   0.02054   0.01103  0.001092   0.03267        41       640    0.9847         1    0.9957    0.6735    0.0174  0.006501  0.000204
   435/499      3.2G   0.02026  0.007797  0.000511   0.02856        26       640    0.9843    0.9999    0.9958    0.6754   0.01704  0.006483 0.0002027
   436/499      3.2G   0.02153  0.008277 0.0006432   0.03045        26       640    0.9829         1    0.9958    0.6719   0.01791  0.006433 0.0001998
   437/499      3.2G   0.01903   0.01009 0.0004176   0.02954        30       640    0.9832    0.9999    0.9958    0.6776   0.01707  0.006409 0.0001988
   438/499      3.2G   0.01781  0.009551  0.003208   0.03057        28       640    0.9807         1    0.9958    0.6724   0.01743  0.006353 0.0001944
   439/499      3.2G   0.01708  0.008306  0.000754   0.02614        28       640    0.9794    0.9999    0.9958    0.6673   0.01717   0.00633 0.0001922
   440/499      3.2G   0.02024  0.009954 0.0004516   0.03065        30       640    0.9956    0.9642    0.9935    0.6808   0.01719  0.006339 0.0001889
   441/499      3.2G   0.02051   0.01097 0.0005696   0.03205        25       640    0.9938    0.9643    0.9935    0.6777    0.0168    0.0064 0.0001873
   442/499      3.2G   0.01974  0.008926 0.0003427     0.029        28       640    0.9921    0.9643    0.9936    0.6728   0.01723  0.006413 0.0001884
   443/499      3.2G   0.01955  0.008554 0.0003679   0.02847        28       640    0.9767    0.9999    0.9959    0.6722   0.01722  0.006446 0.0001894
   444/499      3.2G   0.01779  0.009833 0.0005335   0.02815        26       640    0.9777    0.9999     0.996    0.6685   0.01707  0.006456 0.0001874
   445/499      3.2G   0.01801  0.009141 0.0005901   0.02774        27       640    0.9779         1     0.996    0.6831   0.01683  0.006385 0.0001859
   446/499      3.2G   0.01974  0.009963 0.0005817   0.03028        30       640    0.9805         1     0.996    0.6685   0.01656  0.006375 0.0001857
   447/499      3.2G   0.01908  0.009933 0.0005537   0.02957        28       640    0.9825         1     0.996    0.6777   0.01656  0.006343 0.0001851
   448/499      3.2G   0.01567  0.008357 0.0005347   0.02457        25       640    0.9807    0.9999     0.996    0.6955   0.01614  0.006318 0.0001814
   449/499      3.2G   0.02329   0.01066 0.0007678   0.03472        38       640    0.9785         1     0.996    0.6831   0.01639  0.006304 0.0001802
   450/499      3.2G   0.01952  0.009022 0.0009315   0.02947        28       640    0.9763         1    0.9961    0.6809   0.01628  0.006317 0.0001805
   451/499      3.2G   0.02054  0.009334 0.0004438   0.03032        33       640    0.9743         1    0.9961    0.6872   0.01627  0.006345 0.0001807
   452/499      3.2G   0.01995  0.008396 0.0006144   0.02896        28       640    0.9727    0.9999     0.996    0.6811   0.01628  0.006381 0.0001786
   453/499      3.2G   0.01897  0.009481 0.0003592   0.02881        31       640    0.9726    0.9998    0.9961    0.6781   0.01696  0.006421 0.0001785
   454/499      3.2G   0.01647  0.008314  0.001125   0.02591        27       640    0.9726    0.9999    0.9961    0.6711   0.01659  0.006442 0.0001783
   455/499      3.2G   0.01851  0.008685  0.001074   0.02827        29       640    0.9722    0.9999    0.9961    0.6752   0.01626  0.006437 0.0001764
   456/499      3.2G   0.01926  0.009117 0.0004551   0.02884        20       640    0.9721         1    0.9961    0.6717   0.01649  0.006468 0.0001764
   457/499      3.2G   0.02317  0.008961 0.0006325   0.03276        31       640    0.9721    0.9999    0.9961    0.6789    0.0165   0.00652 0.0001792
   458/499      3.2G   0.01968  0.009772 0.0003284   0.02978        32       640    0.9721         1     0.996    0.6717   0.01655  0.006525 0.0001816
   459/499      3.2G   0.02188   0.01035  0.000854   0.03309        28       640    0.9722         1     0.996    0.6614   0.01651  0.006538  0.000183
   460/499      3.2G    0.0133  0.008567 0.0002657   0.02214        26       640    0.9898    0.9643    0.9936    0.6628    0.0164  0.006413 0.0001844
   461/499      3.2G   0.01894   0.01077 0.0006816    0.0304        31       640    0.9907    0.9643    0.9936    0.6604   0.01689  0.006361 0.0001841
   462/499      3.2G   0.01926   0.01018 0.0005466   0.02999        27       640    0.9907    0.9643    0.9935    0.6567   0.01693  0.006274 0.0001824
   463/499      3.2G   0.02039    0.0105 0.0006433   0.03153        25       640    0.9907    0.9643    0.9935    0.6579   0.01679  0.006263 0.0001814
   464/499      3.2G   0.01983  0.009498  0.000375    0.0297        32       640    0.9753         1    0.9958    0.6606   0.01677  0.006216 0.0001801
   465/499      3.2G   0.01819   0.01014 0.0007207   0.02906        25       640    0.9771    0.9999     0.996    0.6645   0.01721  0.006192 0.0001794
   466/499      3.2G   0.01824  0.009777 0.0006576   0.02868        36       640    0.9785         1    0.9962    0.6527   0.01667  0.006174 0.0001806
   467/499      3.2G   0.02178  0.009593 0.0004385   0.03181        33       640    0.9798    0.9999    0.9962    0.6642   0.01655   0.00615 0.0001789
   468/499      3.2G   0.01439  0.009053 0.0005151   0.02396        32       640    0.9825    0.9999    0.9962    0.6753   0.01687  0.006186 0.0001795
   469/499      3.2G   0.01946  0.008388 0.0006599    0.0285        26       640    0.9826    0.9999    0.9962    0.6755    0.0162  0.006226 0.0001801
   470/499      3.2G   0.01778  0.009228 0.0007962    0.0278        32       640    0.9825    0.9999    0.9962    0.6715   0.01622  0.006297 0.0001834
   471/499      3.2G   0.01722   0.00942 0.0007649    0.0274        31       640    0.9819    0.9999    0.9962    0.6635   0.01666  0.006298 0.0001842
   472/499      3.2G   0.01694  0.007768  0.001015   0.02572        26       640    0.9819    0.9999    0.9961    0.6901   0.01629  0.006255 0.0001888
   473/499      3.2G   0.01595  0.009667 0.0003542   0.02597        39       640    0.9837         1    0.9961    0.6798   0.01658  0.006254  0.000191
   474/499      3.2G   0.01479   0.00851 0.0007863   0.02408        28       640    0.9851         1    0.9961    0.6887   0.01639  0.006286 0.0001966
   475/499      3.2G   0.01751   0.00864 0.0004541    0.0266        30       640    0.9862         1    0.9961    0.6815    0.0164  0.006306 0.0002002
   476/499      3.2G   0.02033  0.009107 0.0004985   0.02994        26       640    0.9866         1    0.9961    0.6724   0.01637  0.006346 0.0002083
   477/499      3.2G   0.02128  0.008199 0.0008519   0.03033        25       640    0.9874    0.9999     0.996    0.6697    0.0173  0.006407 0.0002113
   478/499      3.2G   0.01915  0.009762 0.0009827    0.0299        30       640    0.9885         1     0.996     0.668     0.017  0.006422 0.0002112
   479/499      3.2G   0.01986  0.008787 0.0003547     0.029        28       640     0.989         1     0.996    0.6775   0.01624  0.006395 0.0002095
   480/499      3.2G   0.01627  0.008391 0.0003511   0.02501        25       640    0.9871         1     0.996    0.6806   0.01606  0.006334 0.0002069
   481/499      3.2G   0.01919  0.008631 0.0003165   0.02813        28       640    0.9856         1     0.996    0.6741   0.01579   0.00628 0.0002035
   482/499      3.2G   0.01927    0.0103 0.0003643   0.02994        36       640    0.9848    0.9999     0.996     0.678   0.01646  0.006305 0.0001998
   483/499      3.2G   0.01846   0.01055  0.000568   0.02957        35       640    0.9829         1    0.9961    0.6773   0.01633  0.006305 0.0001973
   484/499      3.2G   0.02421  0.008752 0.0005971   0.03356        29       640    0.9816         1    0.9961    0.6763    0.0159  0.006256 0.0001913
   485/499      3.2G     0.017   0.01027 0.0009454   0.02822        30       640    0.9809         1    0.9961    0.6715   0.01639  0.006215 0.0001878
   486/499      3.2G   0.01691  0.008315 0.0004176   0.02564        26       640    0.9804         1    0.9961    0.6838   0.01621  0.006153 0.0001843
   487/499      3.2G   0.01918  0.009832     0.001   0.03001        31       640    0.9793    0.9999    0.9961    0.6824   0.01627  0.006162 0.0001826
   488/499      3.2G   0.01908  0.009362 0.0004856   0.02892        27       640    0.9804         1    0.9961    0.6886   0.01629  0.006195 0.0001827
   489/499      3.2G   0.02072  0.009551 0.0008205   0.03109        28       640    0.9816    0.9999    0.9961    0.6728   0.01648  0.006206 0.0001834
   490/499      3.2G   0.01697  0.008716 0.0003622   0.02605        24       640     0.983         1    0.9961    0.6727   0.01628  0.006181 0.0001816
   491/499      3.2G   0.01696  0.008455  0.001739   0.02715        26       640    0.9843         1    0.9961    0.6741   0.01622  0.006136 0.0001795
   492/499      3.2G   0.01373  0.007592 0.0003173   0.02164        30       640    0.9874         1    0.9961    0.6815   0.01615  0.006054  0.000177
   493/499      3.2G   0.01719  0.007886 0.0004666   0.02554        21       640    0.9873         1    0.9961    0.6745    0.0168  0.005974 0.0001746
   494/499      3.2G   0.02318  0.008815  0.004296   0.03629        24       640    0.9881         1    0.9961    0.6747   0.01649   0.00598 0.0001745
   495/499      3.2G   0.02055  0.008786  0.001338   0.03068        27       640    0.9869         1    0.9961    0.6746   0.01632  0.005994 0.0001745
   496/499      3.2G   0.01636  0.008474 0.0004958   0.02533        27       640    0.9852         1    0.9961    0.6983    0.0156  0.006018 0.0001729
   497/499      3.2G   0.01496  0.009105 0.0004879   0.02455        39       640    0.9844         1    0.9961    0.6904   0.01629   0.00608 0.0001737
   498/499      3.2G   0.01807  0.008852 0.0005211   0.02745        23       640    0.9827         1    0.9961    0.6855   0.01649  0.006094 0.0001724
   499/499      3.2G   0.02334  0.009875 0.0007955   0.03401        25       640    0.9814         1    0.9961     0.688   0.01687  0.006113 0.0001712
